1685710556404 284525641307.75604 0
1685710556405 279733283660.31476 0
1685710556406 275009346261.74744 0
1685710556406 270385674764.8249 0
1685710556407 265852269247.06186 0
1685710556407 261409226006.94644 0
1685710556408 257052522174.43304 0
1685710556409 252774569719.48282 0
1685710556409 248591677688.5538 0
1685710556410 244471034121.66385 0
1685710556410 240408241289.80206 0
1685710556411 236429892949.9556 0
1685710556412 232550544585.47217 0
1685710556412 228699106255.54602 0
1685710556413 224952252819.22647 0
1685710556413 221248929408.76315 0
1685710556414 217615417673.7682 0
1685710556415 214049128023.53885 0
1685710556415 210590527866.07666 0
1685710556416 207166899239.60345 0
1685710556416 203794080654.3304 0
1685710556417 200518519259.47092 0
1685710556417 197273438847.69946 0
1685710556418 194093787845.27094 0
1685710556419 191001531382.9636 0
1685710556419 187934541371.35626 0
1685710556420 184927952441.36017 0
1685710556420 182011312175.51666 0
1685710556421 179116333961.0622 0
1685710556422 176319193291.70892 0
1685710556422 173518312595.647 0
1685710556423 170787483154.88083 0
1685710556423 168146101961.12823 0
1685710556424 165523304836.41815 0
1685710556425 162972402864.25735 0
1685710556425 160452358477.7302 0
1685710556426 157983502393.89346 0
1685710556426 155570132793.4405 0
1685710556427 153203479106.51276 0
1685710556427 150871071765.0597 0
1685710556428 148573846482.03192 0
1685710556429 146327479544.80872 0
1685710556429 144126509695.6883 0
1685710556430 141959285678.718 0
1685710556430 139847891818.33002 0
1685710556431 137768170398.7029 0
1685710556431 135739801591.68335 0
1685710556432 133724123281.52452 0
1685710556433 131790607656.09746 0
1685710556433 129876129463.87479 0
1685710556434 127976631819.11545 0
1685710556434 126151623821.89752 0
1685710556435 124316695631.06201 0
1685710556436 122535226844.0708 0
1685710556436 120768726719.47958 0
1685710556437 119033359613.16031 0
1685710556437 117357654020.66792 0
1685710556438 115719814842.3605 0
1685710556439 114068137255.29036 0
1685710556439 112485033692.4037 0
1685710556440 110894607470.07121 0
1685710556440 109360113349.9497 0
1685710556441 107834298083.60963 0
1685710556441 106317217131.08421 0
1685710556442 104880533417.2534 0
1685710556443 103408021705.77419 0
1685710556443 102007137704.54599 0
1685710556444 100589519954.57884 0
1685710556444 99242934497.34442 0
1685710556445 97875125318.86162 0
1685710556445 96589137479.4074 0
1685710556446 95328992384.8662 0
1685710556447 94047758468.36195 0
1685710556447 92823546125.11565 0
1685710556448 91602311278.9116 0
1685710556448 90434314018.25832 0
1685710556449 89245549702.90823 0
1685710556450 88125262331.97388 0
1685710556450 86955899642.44087 0
1685710556451 85875080253.53133 0
1685710556451 84775175059.24983 0
1685710556452 83713242575.01411 0
1685710556453 82647650323.25209 0
1685710556453 81598490972.86159 0
1685710556454 80593950658.98106 0
1685710556454 79586574538.24748 0
1685710556455 78596354088.17775 0
1685710556455 77634658043.84871 0
1685710556456 76682580658.64899 0
1685710556457 75770106882.81732 0
1685710556457 74854608746.23573 0
1685710556458 73973143395.79735 0
1685710556458 73089848764.67792 0
1685710556459 72219457441.0368 0
1685710556459 71340270042.03549 0
1685710556460 70518691901.84752 0
1685710556461 69709815081.96666 0
1685710556461 68893228553.79135 0
1685710556462 68097680643.75287 0
1685710556462 67315797623.529854 0
