1685708109145 265436560207.18878 0
1685708109146 243868537275.65506 0
1685708109147 224005054891.94308 0
1685708109147 205930492568.63898 0
1685708109148 189758815876.2693 0
1685708109148 174849806941.97372 0
1685708109149 161345422367.27325 0
1685708109149 149115977680.68735 0
1685708109150 138116603350.78223 0
1685708109151 128058036940.72281 0
1685708109151 118954821198.34305 0
1685708109152 110760232117.24152 0
1685708109152 102965152659.6293 0
1685708109153 96145464830.01735 0
1685708109153 89875518128.34296 0
1685708109154 84177137722.48509 0
1685708109154 78901726442.38284 0
1685708109155 74183011365.0664 0
1685708109156 69798442793.70958 0
1685708109156 65830039944.74538 0
1685708109157 62200162306.50287 0
1685708109157 58970355066.19101 0
1685708109158 55969897592.54521 0
1685708109158 53220828137.83215 0
1685708109159 50674531748.113434 0
1685708109159 48333868772.99725 0
1685708109160 46250960485.81779 0
1685708109161 44247692033.35269 0
1685708109161 42469376739.619286 0
1685708109162 40840117849.45443 0
1685708109162 39284637829.614395 0
1685708109163 37896858222.57939 0
1685708109163 36520614503.283966 0
1685708109164 35256700131.102844 0
1685708109164 34022550463.024246 0
1685708109165 32998806750.497196 0
1685708109166 31980381276.066734 0
1685708109166 30865166971.983974 0
1685708109167 29865964669.827084 0
1685708109167 28958985112.62826 0
1685708109168 28182898839.289894 0
1685708109168 27336402613.652554 0
1685708109169 26650821962.304386 0
1685708109169 26013917467.589386 0
1685708109170 25415517696.05333 0
1685708109171 24843819919.58698 0
1685708109171 24265153342.61244 0
1685708109172 23790730656.886345 0
1685708109172 23378685146.446133 0
1685708109173 22920180020.547394 0
1685708109173 22463766401.31741 0
1685708109174 22092780898.671795 0
1685708109174 21653597104.63359 0
1685708109175 21274920596.3585 0
1685708109175 20971624641.023155 0
1685708109176 20630213652.219093 0
1685708109177 20348514571.02695 0
1685708109177 20014951462.3004 0
1685708109178 19750623749.308 0
1685708109178 19488265091.38692 0
1685708109179 19255517494.58529 0
1685708109179 19030719445.689682 0
1685708109180 18803263201.987957 0
1685708109180 18577357422.228542 0
1685708109181 18376477419.031456 0
1685708109181 18169279581.736557 0
1685708109182 17971644316.18337 0
1685708109183 17769473333.66345 0
1685708109183 17551944059.250538 0
1685708109184 17401558068.56949 0
1685708109184 17208439040.668663 0
1685708109185 17024923076.748146 0
1685708109185 16872265777.99026 0
1685708109186 16715350075.444658 0
1685708109186 16529932217.165207 0
1685708109187 16401122591.55398 0
1685708109187 16279230207.539349 0
1685708109188 16058111914.338718 0
1685708109188 15904880256.98444 0
1685708109189 15756004724.699938 0
1685708109190 15619815587.412916 0
1685708109190 15507919255.980433 0
1685708109191 15427882069.230225 0
1685708109191 15245071303.721336 0
1685708109192 15133295731.094545 0
1685708109192 15045531069.112698 0
1685708109193 14929515702.911947 0
1685708109193 14854596224.868383 0
1685708109194 14771429453.291754 0
1685708109194 14699481916.40116 0
1685708109195 14622418647.44758 0
1685708109196 14525305380.765963 0
1685708109196 14449938835.45093 0
1685708109197 14352595629.986559 0
1685708109197 14255875902.47504 0
1685708109198 14173711949.956697 0
1685708109198 14102673492.666952 0
1685708109199 14043004648.451649 0
1685708109199 13961103537.929472 0
1685708109200 13875753909.88422 0
