1685708137980 284760554710.4673 0
1685708137981 280177402678.0138 0
1685708137981 275676879167.098 0
1685708137982 271262211446.31354 0
1685708137982 266943701175.46338 0
1685708137983 262694472022.10327 0
1685708137984 258531506211.23624 0
1685708137984 254393841982.7473 0
1685708137985 250338273737.3807 0
1685708137985 246363267191.3153 0
1685708137986 242465297625.35477 0
1685708137986 238686156739.86322 0
1685708137987 234936790649.94592 0
1685708137988 231270232880.4615 0
1685708137988 227704501670.388 0
1685708137989 224146797676.16898 0
1685708137989 220652739854.68045 0
1685708137990 217261052094.93442 0
1685708137990 213938237605.42377 0
1685708137991 210675298268.61993 0
1685708137992 207478317891.08478 0
1685708137992 204346127088.98215 0
1685708137993 201280387401.359 0
1685708137993 198273452438.21878 0
1685708137994 195310803186.1901 0
1685708137994 192419610426.18063 0
1685708137995 189574347305.0673 0
1685708137995 186763970633.33426 0
1685708137996 183992965536.4986 0
1685708137997 181305509600.8325 0
1685708137997 178657947277.54285 0
1685708137998 176053156904.12708 0
1685708137998 173546646436.59305 0
1685708137999 171072360491.71487 0
1685708137999 168627487100.16425 0
1685708138000 166231716584.55972 0
1685708138000 163870606083.00726 0
1685708138001 161539315513.7414 0
1685708138002 159301057732.0191 0
1685708138002 157078257126.94788 0
1685708138003 154886213685.35837 0
1685708138003 152718262098.65103 0
1685708138004 150619499326.05728 0
1685708138004 148578329082.36084 0
1685708138005 146501042440.17163 0
1685708138005 144522807582.5189 0
1685708138006 142541764982.46915 0
1685708138007 140600550077.59668 0
1685708138007 138745872096.30258 0
1685708138008 136926915386.09956 0
1685708138008 135072113639.5031 0
1685708138009 133296072472.5873 0
1685708138009 131556332444.38313 0
1685708138010 129858365520.28024 0
1685708138010 128139278692.02759 0
1685708138011 126507725019.95746 0
1685708138012 124884542478.24876 0
1685708138012 123279132506.65015 0
1685708138013 121730454957.92975 0
1685708138013 120189976271.28471 0
1685708138014 118642419463.10138 0
1685708138014 117167811933.86969 0
1685708138015 115694987282.11386 0
1685708138015 114261224723.67696 0
1685708138016 112873001005.1906 0
1685708138017 111467840864.52715 0
1685708138017 110100340142.71068 0
1685708138018 108754658348.91151 0
1685708138018 107447896334.4841 0
1685708138019 106145512035.79945 0
1685708138019 104885237378.62094 0
1685708138020 103647857392.2298 0
1685708138020 102408039957.86536 0
1685708138021 101207071015.65256 0
1685708138022 100050882864.92598 0
1685708138022 98903313053.39662 0
1685708138023 97754100674.80933 0
1685708138023 96621723955.86118 0
1685708138024 95518335048.00464 0
1685708138024 94428130306.1128 0
1685708138025 93376369020.87587 0
1685708138025 92314333636.24576 0
1685708138026 91290727877.22566 0
1685708138026 90291882351.30508 0
1685708138027 89291285095.03163 0
1685708138028 88324046651.26569 0
1685708138028 87368122802.75945 0
1685708138029 86396683108.18655 0
1685708138029 85479760705.20146 0
1685708138030 84548764251.80757 0
1685708138030 83665106477.6071 0
1685708138031 82768977045.04842 0
1685708138031 81899246385.32487 0
1685708138032 81032516939.85019 0
1685708138033 80195597127.55295 0
1685708138033 79367997263.5443 0
1685708138034 78559648737.21645 0
1685708138034 77755766495.8402 0
1685708138035 76978209789.25015 0
1685708138035 76216555546.45985 0
