1685647692312 270278518457.95627 0
1685647692312 252564719718.70032 0
1685647692313 236848104909.405 0
1685647692313 222392505624.73944 0
1685647692314 209130678770.52945 0
1685647692314 196903297198.0451 0
1685647692315 186097588492.3358 0
1685647692315 175245078825.84268 0
1685647692316 166041135672.0878 0
1685647692316 156949297158.59048 0
1685647692317 149156514830.49362 0
1685647692317 141510479598.64548 0
1685647692318 134910553151.6474 0
1685647692318 128997160942.91635 0
1685647692319 123106301037.74098 0
1685647692319 117941246581.20529 0
1685647692320 113079326919.84976 0
1685647692320 108824034457.90094 0
1685647692321 104642154040.22725 0
1685647692321 100854765016.41698 0
1685647692322 97275512515.96115 0
1685647692322 94182052370.48682 0
1685647692323 91209815196.66444 0
1685647692323 88350261643.64899 0
1685647692324 85842879703.8507 0
1685647692324 83390571423.137 0
1685647692325 81302671291.27345 0
1685647692326 79197590388.58119 0
1685647692327 77102191892.08528 0
1685647692327 75282828300.77428 0
1685647692328 73571646929.37129 0
1685647692328 71952410261.2118 0
1685647692329 70560914369.77129 0
1685647692330 69039922421.63025 0
1685647692330 67760591765.8621 0
1685647692331 66381567042.149414 0
1685647692332 65166675005.046646 0
1685647692333 63927716423.45213 0
1685647692333 62769993746.08145 0
1685647692334 61640341005.86926 0
1685647692334 60664041776.39431 0
1685647692335 59723225517.67399 0
1685647692335 58865357618.05096 0
1685647692336 57898784088.68568 0
1685647692337 56935658009.31623 0
1685647692337 56082925525.45147 0
1685647692338 55251828419.05209 0
1685647692338 54461371049.99282 0
1685647692339 53773424621.24083 0
1685647692339 53015742006.632164 0
1685647692340 52310306835.34636 0
1685647692340 51744982527.556496 0
1685647692341 50976298414.97204 0
1685647692341 50464211235.08075 0
1685647692342 49878804698.1705 0
1685647692342 49207639713.98058 0
1685647692343 48704969920.63721 0
1685647692343 48173322674.17025 0
1685647692344 47734425535.1929 0
1685647692344 47168200566.32334 0
1685647692345 46799919162.00622 0
1685647692345 46357415733.43633 0
1685647692345 45937790811.35018 0
1685647692346 45562308169.61178 0
1685647692346 45087943111.151436 0
1685647692347 44677631933.95236 0
1685647692347 44388557891.6051 0
1685647692348 43979098648.157425 0
1685647692348 43629348679.10529 0
1685647692349 43367306159.90502 0
1685647692349 43041681652.9954 0
1685647692350 42657374813.71056 0
1685647692350 42460126114.73088 0
1685647692351 42124119153.784096 0
1685647692351 41948575072.13218 0
1685647692355 41653586920.50816 0
1685647692356 41430681653.98724 0
1685647692356 41081914822.3941 0
1685647692357 40768355646.79184 0
1685647692357 40556115289.85062 0
1685647692358 40237252227.29683 0
1685647692358 40006250966.21065 0
1685647692359 39755663369.98771 0
1685647692359 39559613736.43017 0
1685647692360 39322849425.45849 0
1685647692360 39154584062.354904 0
1685647692361 39027007538.204346 0
1685647692361 38877002595.75356 0
1685647692362 38685926048.66043 0
1685647692362 38538363933.67054 0
1685647692363 38441386895.39149 0
1685647692363 38232015234.43906 0
1685647692364 38012233671.62329 0
1685647692364 37897522655.38208 0
1685647692365 37673623142.41948 0
1685647692365 37516889046.11869 0
1685647692365 37317980572.57239 0
1685647692366 37215869336.76101 0
1685647692366 37060917047.54737 0
1685647692367 36960385470.5459 0
