1685649744285 197150556180.16873 0
1685649744286 136278839692.9778 0
1685649744286 96644919258.33795 0
1685649744287 70717332998.69928 0
1685649744287 53055735433.37934 0
1685649744288 41174780305.24565 0
1685649744288 32831940174.19498 0
1685649744289 27317343072.250046 0
1685649744289 22484291292.03781 0
1685649744290 19623836630.837772 0
1685649744290 17240866060.483383 0
1685649744291 15655708223.909517 0
1685649744291 14417558355.294643 0
1685649744292 13354793865.37043 0
1685649744292 12442200524.770842 0
1685649744293 11718385989.515675 0
1685649744293 11135492912.331932 0
1685649744294 10324863576.750746 0
1685649744294 10000023541.319372 0
1685649744295 9754592475.116323 0
1685649744295 9300782782.882082 0
1685649744296 9070420906.967693 0
1685649744297 8867447652.013794 0
1685649744297 8547571285.332147 0
1685649744298 8349866384.333671 0
1685649744298 8134765881.178992 0
1685649744299 7856761021.825764 0
1685649744299 7694155713.138843 0
1685649744300 7559534311.352359 0
1685649744300 7408655264.429264 0
1685649744301 7350476726.582931 0
1685649744301 7255074856.50918 0
1685649744302 7004898410.934854 0
1685649744302 6960501478.334834 0
1685649744303 6916273522.854189 0
1685649744303 6780920901.841036 0
1685649744304 6636557608.622158 0
1685649744304 6504587244.902992 0
1685649744305 6376210762.752963 0
1685649744305 6335955517.773273 0
1685649744306 5725428463.166788 0
1685649744306 5636500953.631299 0
1685649744307 5542066146.854468 0
1685649744307 5514971499.039349 0
1685649744308 5403658219.425413 0
1685649744308 5376675227.582049 0
1685649744309 5313466888.384359 0
1685649744309 5199068217.885337 0
1685649744310 5187277387.781483 0
1685649744310 5148214852.013009 0
1685649744311 5087980609.160634 0
1685649744311 4983850971.773853 0
1685649744312 4973350649.079783 0
1685649744312 4969544951.995084 0
1685649744313 4909442128.287064 0
1685649744313 4846138294.391964 0
1685649744314 4818920614.525751 0
1685649744314 4814755887.729477 0
1685649744315 4722437327.271454 0
1685649744315 4666996418.870761 0
1685649744316 4655335227.664147 0
1685649744316 4652654094.4726 0
1685649744317 4544930870.008194 0
1685649744317 4401026410.372915 0
1685649744318 4367507495.307185 0
1685649744318 4330432437.418235 0
1685649744319 4287447072.8713703 0
1685649744319 3960187906.844912 0
1685649744320 3928421317.0384583 0
1685649744320 3902612222.442143 0
1685649744321 3830919173.0472093 0
1685649744321 3795715242.6177564 0
1685649744322 3763423763.6438484 0
1685649744322 3724259516.0350184 0
1685649744323 3706084737.760206 0
1685649744323 3649122306.4292483 0
1685649744324 3638381516.2470217 0
1685649744324 3603022592.759343 0
1685649744325 3597405866.179571 0
1685649744325 3545646571.420959 0
1685649744326 3524478017.183043 0
1685649744326 3476468049.3463726 0
1685649744327 3439813407.5607424 0
1685649744328 3389216931.0198073 0
1685649744328 3379273672.5723615 0
1685649744329 3363852285.749933 0
1685649744329 3328354249.5499883 0
1685649744330 3282167923.930933 0
1685649744330 3256989510.379596 0
1685649744331 3250201222.0662766 0
1685649744331 3223984152.769315 0
1685649744332 3219243504.8414464 0
1685649744332 3200023316.040865 0
1685649744333 2972837379.8988914 0
1685649744333 2949866779.3399086 0
1685649744334 2928067152.7882657 0
1685649744334 2920056682.46671 0
1685649744335 2901261560.5816345 0
1685649744335 2880347996.4914865 0
1685649744336 2860082547.7521987 0
