1685649852290 284525641307.75604 0
1685649852291 279733283660.31476 0
1685649852292 275009346261.74744 0
1685649852292 270385674764.8249 0
1685649852293 265852269247.06186 0
1685649852293 261409226006.94644 0
1685649852294 257052522174.43304 0
1685649852294 252774569719.48282 0
1685649852295 248591677688.5538 0
1685649852295 244471034121.66388 0
1685649852296 240408241289.80206 0
1685649852296 236429892949.9556 0
1685649852297 232550544585.47217 0
1685649852297 228699106255.54605 0
1685649852298 224952252819.22647 0
1685649852299 221248929408.76315 0
1685649852299 217615417673.7682 0
1685649852300 214049128023.53885 0
1685649852300 210590527866.07666 0
1685649852301 207166899239.60345 0
1685649852302 203794080654.3304 0
1685649852302 200518519259.47092 0
1685649852303 197273438847.69946 0
1685649852304 194093787845.27094 0
1685649852304 191001531382.9636 0
1685649852305 187934541371.35626 0
1685649852305 184927952441.3602 0
1685649852306 182011312175.51666 0
1685649852307 179116333961.0622 0
1685649852307 176319193291.70892 0
1685649852308 173518312595.647 0
1685649852308 170787483154.88086 0
1685649852309 168146101961.12827 0
1685649852310 165523304836.41815 0
1685649852310 162972402864.2574 0
1685649852311 160452358477.7302 0
1685649852311 157983502393.89346 0
1685649852312 155570132793.4405 0
1685649852312 153203479106.51276 0
1685649852313 150871071765.05972 0
1685649852314 148573846482.03192 0
1685649852314 146327479544.80872 0
1685649852315 144126509695.68832 0
1685649852315 141959285678.71802 0
1685649852316 139847891818.33002 0
1685649852316 137768170398.7029 0
1685649852317 135739801591.68335 0
1685649852317 133724123281.52452 0
1685649852318 131790607656.09746 0
1685649852319 129876129463.87479 0
1685649852319 127976631819.11545 0
1685649852320 126151623821.89752 0
1685649852320 124316695631.06201 0
1685649852321 122535226844.0708 0
1685649852322 120768726719.47957 0
1685649852322 119033359613.16031 0
1685649852323 117357654020.66792 0
1685649852323 115719814842.36047 0
1685649852324 114068137255.29036 0
1685649852324 112485033692.4037 0
1685649852325 110894607470.07121 0
1685649852325 109360113349.9497 0
1685649852326 107834298083.60963 0
1685649852326 106317217131.08423 0
1685649852327 104880533417.2534 0
1685649852327 103408021705.77419 0
1685649852328 102007137704.54599 0
1685649852328 100589519954.57883 0
1685649852329 99242934497.34442 0
1685649852329 97875125318.86163 0
1685649852330 96589137479.4074 0
1685649852331 95328992384.8662 0
1685649852331 94047758468.36195 0
1685649852332 92823546125.11565 0
1685649852332 91602311278.9116 0
1685649852333 90434314018.25833 0
1685649852333 89245549702.90823 0
1685649852334 88125262331.97388 0
1685649852334 86955899642.44087 0
1685649852335 85875080253.53133 0
1685649852335 84775175059.24983 0
1685649852336 83713242575.01411 0
1685649852336 82647650323.25209 0
1685649852337 81598490972.86159 0
1685649852337 80593950658.98106 0
1685649852338 79586574538.24748 0
1685649852338 78596354088.17775 0
1685649852339 77634658043.84871 0
1685649852339 76682580658.64899 0
1685649852340 75770106882.81732 0
1685649852341 74854608746.23573 0
1685649852341 73973143395.79736 0
1685649852342 73089848764.67792 0
1685649852342 72219457441.0368 0
1685649852343 71340270042.03549 0
1685649852343 70518691901.84752 0
1685649852344 69709815081.96664 0
1685649852344 68893228553.79135 0
1685649852345 68097680643.75287 0
1685649852345 67315797623.52985 0
