1685710536550 285097724463.3844 0
1685710536551 280838296673.4112 0
1685710536551 276661058949.8067 0
1685710536552 272563688460.9799 0
1685710536552 268549813967.2019 0
1685710536553 264507103023.08594 0
1685710536554 260544811293.6873 0
1685710536554 256758446492.91916 0
1685710536555 252946261085.1378 0
1685710536555 249273197955.78952 0
1685710536556 245605982652.26514 0
1685710536556 242094246072.26996 0
1685710536557 238638685090.65155 0
1685710536558 235229790483.53064 0
1685710536558 231906473465.991 0
1685710536559 228625829553.0802 0
1685710536559 225407753139.0515 0
1685710536560 222228836046.531 0
1685710536560 219149193294.63016 0
1685710536561 216048333014.8043 0
1685710536562 213043336931.75955 0
1685710536562 210116665673.67715 0
1685710536563 207254623663.72784 0
1685710536563 204419021871.72073 0
1685710536564 201660900971.0177 0
1685710536565 198883060870.07166 0
1685710536565 196238893861.8755 0
1685710536566 193596237341.5485 0
1685710536566 191041267875.186 0
1685710536567 188535671046.33426 0
1685710536567 186033896935.3242 0
1685710536568 183511316674.9336 0
1685710536569 181127759159.88354 0
1685710536569 178798988838.69574 0
1685710536570 176506334213.74847 0
1685710536570 174189108529.57904 0
1685710536571 171971341657.03986 0
1685710536571 169790650752.92783 0
1685710536572 167635740192.69226 0
1685710536573 165552581871.11447 0
1685710536573 163501756444.7557 0
1685710536574 161413273700.00323 0
1685710536574 159421300784.45807 0
1685710536575 157480235843.92847 0
1685710536575 155496579331.75082 0
1685710536576 153639074120.2462 0
1685710536577 151799795195.95966 0
1685710536577 149996153545.99487 0
1685710536578 148217150103.60632 0
1685710536578 146394871988.4815 0
1685710536579 144703097416.74622 0
1685710536579 142968186215.2001 0
1685710536580 141309836532.0925 0
1685710536581 139631311955.35822 0
1685710536581 138025673806.3803 0
1685710536582 136472069080.8694 0
1685710536582 134885149306.88579 0
1685710536583 133251995663.30632 0
1685710536583 131749476307.93211 0
1685710536584 130242420481.04642 0
1685710536585 128705700804.02626 0
1685710536585 127319413884.16235 0
1685710536586 125838878981.8696 0
1685710536586 124455962655.65608 0
1685710536587 123054349296.34769 0
1685710536587 121752910296.6094 0
1685710536588 120381794679.83305 0
1685710536589 119039405677.51451 0
1685710536589 117737588741.92422 0
1685710536590 116456251884.22896 0
1685710536590 115208982637.3383 0
1685710536591 113953413433.69496 0
1685710536591 112732844264.45355 0
1685710536592 111543215852.47534 0
1685710536593 110386625619.63779 0
1685710536593 109245749603.7689 0
1685710536594 108101805387.24623 0
1685710536594 107005051095.1362 0
1685710536595 105928533887.70688 0
1685710536595 104841533290.70218 0
1685710536596 103784659012.95279 0
1685710536597 102769409100.83553 0
1685710536597 101768436765.12637 0
1685710536598 100749577811.60301 0
1685710536598 99782896299.39351 0
1685710536599 98809966849.33936 0
1685710536600 97875618824.11302 0
1685710536600 96963193374.39586 0
1685710536601 96031126406.37599 0
1685710536601 95153240618.27396 0
1685710536602 94283584639.928 0
1685710536602 93417086285.44043 0
1685710536603 92579112639.22847 0
1685710536604 91766060728.56956 0
1685710536604 90955953514.46153 0
1685710536605 90128525164.87225 0
1685710536605 89322929078.49736 0
1685710536606 88550784883.02399 0
1685710536606 87792703746.07466 0
1685710536607 87058657925.93912 0
