1685649801367 266587517833.5379 0
1685649801367 245553075414.25693 0
1685649801368 226652103647.81027 0
1685649801369 209410313052.368 0
1685649801369 193922018973.08395 0
1685649801370 179653715356.5822 0
1685649801370 166770550836.62857 0
1685649801371 155166993797.2316 0
1685649801371 144573669198.54138 0
1685649801372 134836885557.72758 0
1685649801372 126176292146.64272 0
1685649801373 118335223412.06532 0
1685649801373 110981393133.41896 0
1685649801374 104467755925.26936 0
1685649801374 98260817212.70396 0
1685649801375 92628497487.5911 0
1685649801375 87511346109.36113 0
1685649801376 82914939690.70293 0
1685649801377 78584554704.6858 0
1685649801377 74632163257.0154 0
1685649801378 71023875009.19748 0
1685649801378 67772502555.87622 0
1685649801379 64761429898.720665 0
1685649801380 62076585151.37892 0
1685649801380 59497218795.87916 0
1685649801381 57146131150.48832 0
1685649801381 54938924383.33641 0
1685649801382 52911314784.7842 0
1685649801383 50990600501.407074 0
1685649801383 49209796112.7113 0
1685649801384 47623884705.11398 0
1685649801384 46118437237.76493 0
1685649801385 44701424019.09864 0
1685649801385 43487921556.27843 0
1685649801386 42293107998.808014 0
1685649801387 41169436883.092545 0
1685649801387 40079856250.15997 0
1685649801388 39145959198.04943 0
1685649801388 38207105145.45456 0
1685649801389 37406906311.81867 0
1685649801389 36582762866.77144 0
1685649801390 35857537782.95891 0
1685649801390 35195322211.96418 0
1685649801391 34488435299.24716 0
1685649801392 33827880400.915813 0
1685649801392 33217590143.95665 0
1685649801393 32700543808.732296 0
1685649801393 32184569684.853737 0
1685649801394 31723999078.659523 0
1685649801394 31256137269.93149 0
1685649801395 30834769979.818344 0
1685649801395 30382839910.248535 0
1685649801396 29951973062.943813 0
1685649801397 29594601761.12511 0
1685649801397 29200797239.954605 0
1685649801398 28840643974.079124 0
1685649801398 28545678566.02287 0
1685649801399 28216456692.155373 0
1685649801399 27906093511.430965 0
1685649801400 27585895730.82922 0
1685649801400 27301020170.669838 0
1685649801401 27043165583.32054 0
1685649801401 26804542396.38707 0
1685649801402 26535899502.71418 0
1685649801402 26298372663.190006 0
1685649801403 26047096162.789635 0
1685649801404 25810819565.451912 0
1685649801404 25586926758.268803 0
1685649801405 25299791350.862827 0
1685649801405 25106153232.224228 0
1685649801406 24887807238.680744 0
1685649801406 24721011003.625813 0
1685649801407 24584803853.51517 0
1685649801407 24429197748.069523 0
1685649801408 24243899248.366005 0
1685649801408 24084976849.03622 0
1685649801409 23926244302.751526 0
1685649801409 23750007305.060825 0
1685649801410 23600793563.744434 0
1685649801410 23438733028.22517 0
1685649801411 23296621768.866474 0
1685649801411 23186729024.32415 0
1685649801412 22967325138.10105 0
1685649801412 22842136156.755905 0
1685649801413 22716710516.9492 0
1685649801413 22521208310.232018 0
1685649801414 22268744074.475628 0
1685649801415 22167162103.279125 0
1685649801415 22021336950.489037 0
1685649801416 21912099004.05937 0
1685649801416 21762513664.47209 0
1685649801417 21705753277.19492 0
1685649801417 21571417346.693306 0
1685649801418 21505756101.696205 0
1685649801418 21218253048.43819 0
1685649801419 21103801494.143265 0
1685649801419 21042850504.66841 0
1685649801420 20974499854.87977 0
1685649801420 20866760302.20317 0
1685649801421 20832358096.82291 0
