1685649722098 205113005202.17245 0
1685649722099 147947873603.2193 0
1685649722099 111315085395.7056 0
1685649722100 86654762351.68088 0
1685649722100 69628719400.47704 0
1685649722101 57949429825.066696 0
1685649722101 49514273377.88199 0
1685649722102 43658139737.21094 0
1685649722102 39491688156.97959 0
1685649722103 36180419457.29377 0
1685649722103 33400245946.98676 0
1685649722104 31281179199.99856 0
1685649722104 29531112279.108696 0
1685649722105 28296336825.435577 0
1685649722105 26879684830.994522 0
1685649722106 26042625654.624165 0
1685649722106 25095804438.68303 0
1685649722107 24432699427.55845 0
1685649722107 23701761704.72811 0
1685649722108 23261025822.394077 0
1685649722108 22570589719.74854 0
1685649722109 22334308100.16064 0
1685649722110 21269259823.919952 0
1685649722110 21012614149.64157 0
1685649722111 19973733169.144623 0
1685649722111 19505144946.61685 0
1685649722112 19304090205.15321 0
1685649722113 19162596877.532173 0
1685649722113 19096079496.754032 0
1685649722114 18263578141.49924 0
1685649722114 18055768146.10225 0
1685649722115 17935513081.805298 0
1685649722115 17721575915.85939 0
1685649722116 17408909287.67925 0
1685649722117 17255067662.351425 0
1685649722117 17213695227.29845 0
1685649722118 17000661355.834492 0
1685649722118 16910754195.498596 0
1685649722119 16784885787.959682 0
1685649722120 16446722786.635769 0
1685649722120 16396987559.514912 0
1685649722121 16137421009.054935 0
1685649722121 15923198874.243404 0
1685649722122 15899062334.50971 0
1685649722122 15571339371.726553 0
1685649722123 15254305834.293776 0
1685649722123 15166500519.80083 0
1685649722124 14935210329.484594 0
1685649722124 14768465102.009943 0
1685649722125 14706800834.895687 0
1685649722125 14653416126.542877 0
1685649722126 14435321704.741692 0
1685649722126 14258062908.759287 0
1685649722127 14066583173.840145 0
1685649722127 13935861882.763508 0
1685649722128 13854370935.88571 0
1685649722128 13833969831.865252 0
1685649722129 13683286519.938795 0
1685649722129 13559389675.044493 0
1685649722130 13414665913.687618 0
1685649722130 13350547191.572523 0
1685649722131 13317635314.082209 0
1685649722131 13135712654.492468 0
1685649722132 13071875586.71901 0
1685649722132 12967680265.906399 0
1685649722133 12955835354.638441 0
1685649722133 12947250538.439056 0
1685649722134 12903993670.943184 0
1685649722134 12714159195.398088 0
1685649722135 12448654527.537058 0
1685649722135 12334532830.53724 0
1685649722136 12305406832.188232 0
1685649722136 12159731269.053339 0
1685649722137 12137163758.638292 0
1685649722137 12084481397.116657 0
1685649722138 11956150552.290087 0
1685649722138 11907427339.688093 0
1685649722139 11846320351.26017 0
1685649722139 11836010438.57012 0
1685649722140 11830683705.199137 0
1685649722140 11734449444.320177 0
1685649722141 11553523355.226809 0
1685649722141 11465609048.7866 0
1685649722142 11450465438.766335 0
1685649722142 11372195957.417778 0
1685649722143 11331381098.21547 0
1685649722143 11214037397.788366 0
1685649722144 11207747796.630198 0
1685649722144 11096019730.243235 0
1685649722145 11085782962.101826 0
1685649722145 11062389233.123808 0
1685649722146 10916548837.699982 0
1685649722147 10864433736.645885 0
1685649722147 10755652126.262575 0
1685649722148 10680023747.132801 0
1685649722148 10617175990.544548 0
1685649722149 10522040023.740105 0
1685649722149 10469102180.48542 0
1685649722150 10384957969.58086 0
1685649722150 10268319231.584152 0
