1685649783874 240722666874.84048 0
1685649783875 200946218075.53864 0
1685649783875 168079249654.79083 0
1685649783876 141172906262.57343 0
1685649783876 119473328406.17342 0
1685649783877 101482299734.73463 0
1685649783877 86663050874.79085 0
1685649783878 74729497339.64279 0
1685649783878 65016439906.73126 0
1685649783879 56311562321.064285 0
1685649783879 49301699422.95167 0
1685649783880 43256854109.074356 0
1685649783880 38530176570.245735 0
1685649783881 34499167913.25868 0
1685649783881 31142295899.95688 0
1685649783882 28289871730.862827 0
1685649783882 25923174373.820667 0
1685649783883 23812350503.328064 0
1685649783884 22066193196.619232 0
1685649783884 20686533920.105892 0
1685649783885 19357130983.373608 0
1685649783885 18230715411.47868 0
1685649783886 17263901147.038868 0
1685649783886 16413144509.822731 0
1685649783887 15697718747.974182 0
1685649783887 15081274535.33409 0
1685649783888 14491651185.325108 0
1685649783888 14022436306.277748 0
1685649783889 13608372304.903744 0
1685649783889 13115712865.594849 0
1685649783890 12681786684.108679 0
1685649783890 12328012389.312584 0
1685649783891 12004353896.748217 0
1685649783891 11591190945.65846 0
1685649783892 11338489191.173368 0
1685649783892 11119701380.46736 0
1685649783893 10834564851.473135 0
1685649783893 10617407261.19813 0
1685649783894 10292523747.368326 0
1685649783894 9776198223.72011 0
1685649783895 9616514817.997683 0
1685649783895 9442263926.507338 0
1685649783896 9203224756.117022 0
1685649783897 8976269823.580029 0
1685649783897 8823878190.16747 0
1685649783898 8718430082.157866 0
1685649783898 8607754365.93838 0
1685649783899 8476027099.590246 0
1685649783899 8411293773.783985 0
1685649783900 8319083687.2466135 0
1685649783900 8247404430.534785 0
1685649783901 8056944375.792685 0
1685649783901 7990217603.189915 0
1685649783902 7894402816.681093 0
1685649783902 7800833481.975603 0
1685649783903 7728183083.759102 0
1685649783903 7638421438.49914 0
1685649783904 7597351665.741342 0
1685649783904 7546538595.518923 0
1685649783905 7402593968.813191 0
1685649783905 7377797386.073216 0
1685649783906 7285097642.730614 0
1685649783906 7247867598.023669 0
1685649783907 7212546576.261366 0
1685649783907 7166247779.613071 0
1685649783908 7126374697.001689 0
1685649783908 7056853615.161129 0
1685649783909 6914942922.840799 0
1685649783909 6881559818.570458 0
1685649783910 6853814230.763791 0
1685649783910 6764308166.785703 0
1685649783911 6756490221.565475 0
1685649783911 6711531237.488446 0
1685649783912 6646571679.529491 0
1685649783912 6569848090.5686455 0
1685649783913 6522509504.827271 0
1685649783913 6506548899.761873 0
1685649783914 6483514839.291445 0
1685649783914 6428138526.324863 0
1685649783915 6416394157.125176 0
1685649783915 6136686807.151479 0
1685649783916 6114939932.134271 0
1685649783916 6103411294.263117 0
1685649783917 6049963345.2325535 0
1685649783917 6020473157.178573 0
1685649783918 5973580187.383225 0
1685649783919 5932695621.620236 0
1685649783919 5925390319.493422 0
1685649783920 5855558686.6837 0
1685649783920 5812540794.055998 0
1685649783921 5781559471.786038 0
1685649783921 5728880941.797629 0
1685649783922 5719629464.008338 0
1685649783922 5709193462.530127 0
1685649783923 5671600027.347213 0
1685649783923 5660043439.060257 0
1685649783924 5621610952.194519 0
1685649783924 5569372742.495696 0
1685649783925 5529927572.877044 0
1685649783925 5480929747.685961 0
