1685649772255 242682178740.6622 0
1685649772255 204079476339.32278 0
1685649772256 172729327180.7307 0
1685649772257 146823354530.6705 0
1685649772257 125778066477.71129 0
1685649772258 108292450082.88863 0
1685649772258 94232290880.90884 0
1685649772259 82093094925.7192 0
1685649772259 72346997434.21487 0
1685649772260 64095270014.38148 0
1685649772260 57184227926.646 0
1685649772261 51681138832.0147 0
1685649772261 46698288306.10693 0
1685649772262 42774917155.5987 0
1685649772262 39153692240.68057 0
1685649772263 36324229602.52884 0
1685649772263 33817692336.105984 0
1685649772264 31714310107.33655 0
1685649772265 29684966716.684742 0
1685649772265 28158924850.781105 0
1685649772266 26558165305.830265 0
1685649772266 25359224839.07062 0
1685649772267 24164070073.05224 0
1685649772267 23168722552.245953 0
1685649772268 22262515077.699905 0
1685649772268 21525914018.150223 0
1685649772269 20839657164.811893 0
1685649772269 20095866349.77027 0
1685649772270 19499680521.21571 0
1685649772270 18966565721.24213 0
1685649772271 18476566777.577976 0
1685649772271 18019474632.82346 0
1685649772272 17637511234.63409 0
1685649772272 17247169204.263283 0
1685649772273 16951299114.920597 0
1685649772273 16053174058.461143 0
1685649772274 15712890544.326021 0
1685649772274 15527575274.023048 0
1685649772275 15191544221.388521 0
1685649772275 14996931269.197762 0
1685649772276 14768079359.798227 0
1685649772276 14341636295.752926 0
1685649772277 14216377147.737322 0
1685649772277 14030325154.383059 0
1685649772278 13841227063.520535 0
1685649772278 13647132099.368843 0
1685649772279 13502348522.6194 0
1685649772279 13215614564.597235 0
1685649772280 13145698226.412943 0
1685649772281 12923873531.310452 0
1685649772281 12866098515.026573 0
1685649772282 12677448573.431864 0
1685649772282 12536050695.555084 0
1685649772283 12415535616.258205 0
1685649772283 12371515559.19817 0
1685649772284 12330710340.14911 0
1685649772284 11768129167.693203 0
1685649772285 11632050738.6809 0
1685649772285 11538331193.167772 0
1685649772286 11506635986.743189 0
1685649772286 11063552306.055914 0
1685649772287 11024593428.511717 0
1685649772287 10907277320.210903 0
1685649772288 10787705366.421558 0
1685649772288 10677678866.853765 0
1685649772289 10609653522.733091 0
1685649772289 10586433291.503544 0
1685649772290 10192756913.839642 0
1685649772290 10123868524.942774 0
1685649772291 10092748882.143763 0
1685649772291 10035465024.784584 0
1685649772292 9926056143.958023 0
1685649772292 9849263404.162857 0
1685649772293 9772769414.099766 0
1685649772293 9656643183.47287 0
1685649772294 9643719840.335148 0
1685649772294 9605062035.390587 0
1685649772295 9542651357.714643 0
1685649772295 9459057975.628614 0
1685649772296 9413097194.137524 0
1685649772296 9360101095.200691 0
1685649772297 9289212284.282913 0
1685649772297 9219673358.516186 0
1685649772298 9147853360.025803 0
1685649772298 9072116266.73211 0
1685649772299 8987672846.456837 0
1685649772299 8943743885.686386 0
1685649772300 8907396077.988003 0
1685649772300 8839054358.687475 0
1685649772301 8829787451.810059 0
1685649772301 8773044959.71059 0
1685649772302 8699410321.13699 0
1685649772303 8688602602.311802 0
1685649772303 8635772940.873909 0
1685649772304 8562903629.796508 0
1685649772304 8481860667.816835 0
1685649772305 8429408488.032111 0
1685649772305 8422247047.478049 0
1685649772306 8380025227.025505 0
1685649772306 8349331559.534503 0
