1685649732540 200863315504.88354 0
1685649732541 141869536978.1181 0
1685649732542 103140678382.19289 0
1685649732542 77438344360.45801 0
1685649732543 60311851441.487206 0
1685649732543 48668972092.31238 0
1685649732544 40549659107.64049 0
1685649732544 35143627813.7559 0
1685649732545 30771808779.66065 0
1685649732545 27074863830.17881 0
1685649732546 24477632983.567513 0
1685649732546 22514543883.15368 0
1685649732547 21139470929.6923 0
1685649732548 20060128768.313805 0
1685649732548 18802917841.62793 0
1685649732549 18055350837.606712 0
1685649732549 17483842621.3174 0
1685649732550 16658761198.488873 0
1685649732550 16041411383.203537 0
1685649732551 15648981822.78439 0
1685649732551 15275180258.574453 0
1685649732552 15043691655.099903 0
1685649732553 14551802120.924816 0
1685649732553 14112400211.615871 0
1685649732554 13742037185.995512 0
1685649732554 13629339185.40641 0
1685649732555 13317897399.359262 0
1685649732556 13166059609.138365 0
1685649732556 12823853214.336834 0
1685649732557 12649401047.747969 0
1685649732557 12560717137.591179 0
1685649732558 12035532913.012297 0
1685649732558 11878178976.004745 0
1685649732559 11848238982.008316 0
1685649732560 11768307663.759508 0
1685649732560 11501907202.50622 0
1685649732561 11261203116.671679 0
1685649732561 11053092504.819132 0
1685649732562 10906056009.311007 0
1685649732563 10736131429.400076 0
1685649732563 10701984951.761955 0
1685649732564 10533086728.784203 0
1685649732564 10331259999.91414 0
1685649732565 10270552591.965921 0
1685649732565 10201724142.839788 0
1685649732566 10008028108.526283 0
1685649732566 9025012028.19575 0
1685649732567 8855543976.003096 0
1685649732567 8833502888.643177 0
1685649732568 8712692427.6158 0
1685649732568 8618294442.38576 0
1685649732569 7920263596.090379 0
1685649732569 7828024878.018778 0
1685649732570 7738062418.141981 0
1685649732570 7628626250.392684 0
1685649732571 7551812365.327303 0
1685649732571 7545797499.127816 0
1685649732572 7456515891.9845495 0
1685649732572 7383445632.374649 0
1685649732573 7332157163.520399 0
1685649732573 7281967479.022237 0
1685649732574 7201590529.828108 0
1685649732574 7101598185.28898 0
1685649732575 7016224602.130781 0
1685649732575 6975047951.533307 0
1685649732576 6940742292.696807 0
1685649732576 6936774686.972736 0
1685649732577 6870399777.988418 0
1685649732577 6809396642.6142025 0
1685649732578 6749688190.327934 0
1685649732578 6699576183.451556 0
1685649732579 6672160517.179421 0
1685649732579 6577709548.369655 0
1685649732580 6540022793.449784 0
1685649732580 6518743046.182212 0
1685649732581 6475054923.761435 0
1685649732581 6412943774.296163 0
1685649732582 6339964026.941237 0
1685649732582 6251409403.534925 0
1685649732583 6236053179.217083 0
1685649732583 6145962964.441517 0
1685649732584 6108379753.310308 0
1685649732585 6046976168.955467 0
1685649732585 6004310255.697527 0
1685649732586 5951190651.811894 0
1685649732586 5931165140.153383 0
1685649732587 5911997145.835465 0
1685649732587 5844777296.185028 0
1685649732588 5824834226.848111 0
1685649732588 5788098055.047366 0
1685649732589 5753847148.388603 0
1685649732589 5703779442.688384 0
1685649732590 5683721995.535097 0
1685649732590 5630713207.854294 0
1685649732591 5563780229.832881 0
1685649732591 5503385010.196327 0
1685649732592 5489873714.428334 0
1685649732592 5436930891.209799 0
1685649732593 5388702111.2743225 0
1685649732593 5355708062.335948 0
