1685649241167 284760554710.4673 0
1685649241167 280177402678.0138 0
1685649241168 275676879167.09796 0
1685649241168 271262211446.31354 0
1685649241169 266943701175.46338 0
1685649241170 262694472022.10327 0
1685649241170 258531506211.2362 0
1685649241171 254393841982.74728 0
1685649241171 250338273737.3807 0
1685649241172 246363267191.31528 0
1685649241172 242465297625.35477 0
1685649241173 238686156739.86316 0
1685649241173 234936790649.94592 0
1685649241174 231270232880.46146 0
1685649241174 227704501670.388 0
1685649241175 224146797676.16898 0
1685649241175 220652739854.68045 0
1685649241176 217261052094.9344 0
1685649241176 213938237605.4237 0
1685649241177 210675298268.61993 0
1685649241178 207478317891.08472 0
1685649241178 204346127088.9821 0
1685649241179 201280387401.35898 0
1685649241179 198273452438.21872 0
1685649241180 195310803186.1901 0
1685649241181 192419610426.18063 0
1685649241181 189574347305.0673 0
1685649241182 186763970633.33417 0
1685649241182 183992965536.49857 0
1685649241183 181305509600.83246 0
1685649241184 178657947277.54282 0
1685649241184 176053156904.12708 0
1685649241185 173546646436.59305 0
1685649241185 171072360491.71484 0
1685649241186 168627487100.1642 0
1685649241186 166231716584.55972 0
1685649241187 163870606083.00726 0
1685649241187 161539315513.7414 0
1685649241188 159301057732.01907 0
1685649241188 157078257126.94785 0
1685649241189 154886213685.35834 0
1685649241190 152718262098.651 0
1685649241190 150619499326.05725 0
1685649241191 148578329082.36084 0
1685649241191 146501042440.17157 0
1685649241192 144522807582.51886 0
1685649241192 142541764982.46915 0
1685649241193 140600550077.59665 0
1685649241193 138745872096.30258 0
1685649241194 136926915386.09952 0
1685649241194 135072113639.50308 0
1685649241195 133296072472.58727 0
1685649241195 131556332444.38307 0
1685649241196 129858365520.28021 0
1685649241196 128139278692.02756 0
1685649241197 126507725019.95743 0
1685649241197 124884542478.24873 0
1685649241198 123279132506.65012 0
1685649241198 121730454957.92972 0
1685649241199 120189976271.28468 0
1685649241199 118642419463.10136 0
1685649241200 117167811933.86963 0
1685649241200 115694987282.11383 0
1685649241201 114261224723.67694 0
1685649241201 112873001005.19057 0
1685649241202 111467840864.52713 0
1685649241202 110100340142.71065 0
1685649241203 108754658348.9115 0
1685649241203 107447896334.48409 0
1685649241204 106145512035.79942 0
1685649241204 104885237378.62091 0
1685649241205 103647857392.22977 0
1685649241205 102408039957.86534 0
1685649241206 101207071015.65256 0
1685649241206 100050882864.92595 0
1685649241207 98903313053.39658 0
1685649241207 97754100674.8093 0
1685649241208 96621723955.86115 0
1685649241208 95518335048.00461 0
1685649241209 94428130306.11276 0
1685649241209 93376369020.87584 0
1685649241210 92314333636.24573 0
1685649241211 91290727877.22566 0
1685649241211 90291882351.30505 0
1685649241212 89291285095.03162 0
1685649241212 88324046651.26564 0
1685649241213 87368122802.75943 0
1685649241213 86396683108.18655 0
1685649241214 85479760705.20143 0
1685649241214 84548764251.80756 0
1685649241215 83665106477.60709 0
1685649241215 82768977045.0484 0
1685649241216 81899246385.32487 0
1685649241216 81032516939.85017 0
1685649241217 80195597127.55292 0
1685649241217 79367997263.54428 0
1685649241218 78559648737.21643 0
1685649241218 77755766495.84016 0
1685649241219 76978209789.25012 0
1685649241219 76216555546.45985 0
