1685647709860 266587517833.5379 0
1685647709861 245553075414.25693 0
1685647709861 226652103647.81027 0
1685647709862 209410313052.368 0
1685647709862 193922018973.08395 0
1685647709863 179653715356.5822 0
1685647709863 166770550836.62857 0
1685647709864 155166993797.23163 0
1685647709864 144573669198.54138 0
1685647709865 134836885557.7276 0
1685647709865 126176292146.64272 0
1685647709866 118335223412.06532 0
1685647709866 110981393133.41896 0
1685647709867 104467755925.26933 0
1685647709867 98260817212.70396 0
1685647709868 92628497487.5911 0
1685647709868 87511346109.36113 0
1685647709869 82914939690.70293 0
1685647709869 78584554704.6858 0
1685647709870 74632163257.0154 0
1685647709870 71023875009.19748 0
1685647709871 67772502555.87622 0
1685647709871 64761429898.72067 0
1685647709872 62076585151.37892 0
1685647709873 59497218795.879166 0
1685647709873 57146131150.48832 0
1685647709874 54938924383.336426 0
1685647709874 52911314784.7842 0
1685647709875 50990600501.407074 0
1685647709875 49209796112.711296 0
1685647709876 47623884705.11398 0
1685647709877 46118437237.76492 0
1685647709877 44701424019.09864 0
1685647709878 43487921556.27843 0
1685647709878 42293107998.80801 0
1685647709879 41169436883.092545 0
1685647709879 40079856250.159966 0
1685647709880 39145959198.04942 0
1685647709880 38207105145.454544 0
1685647709881 37406906311.81867 0
1685647709882 36582762866.77144 0
1685647709882 35857537782.9589 0
1685647709883 35195322211.96418 0
1685647709883 34488435299.24716 0
1685647709884 33827880400.915813 0
1685647709884 33217590143.956646 0
1685647709885 32700543808.73229 0
1685647709885 32184569684.853737 0
1685647709886 31723999078.65952 0
1685647709886 31256137269.931488 0
1685647709887 30834769979.818344 0
1685647709887 30382839910.248535 0
1685647709888 29951973062.943813 0
1685647709888 29594601761.125107 0
1685647709889 29200797239.954605 0
1685647709889 28840643974.07912 0
1685647709890 28545678566.02287 0
1685647709890 28216456692.155373 0
1685647709891 27906093511.43096 0
1685647709891 27585895730.82922 0
1685647709892 27301020170.669834 0
1685647709892 27043165583.32054 0
1685647709893 26804542396.387066 0
1685647709893 26535899502.714176 0
1685647709894 26298372663.190006 0
1685647709894 26047096162.789635 0
1685647709895 25810819565.45191 0
1685647709895 25586926758.268803 0
1685647709896 25299791350.862827 0
1685647709896 25106153232.224228 0
1685647709897 24887807238.680744 0
1685647709897 24721011003.625813 0
1685647709897 24584803853.51517 0
1685647709898 24429197748.069523 0
1685647709898 24243899248.366 0
1685647709899 24084976849.03622 0
1685647709899 23926244302.751526 0
1685647709900 23750007305.06082 0
1685647709900 23600793563.74443 0
1685647709901 23438733028.225178 0
1685647709901 23296621768.866474 0
1685647709902 23186729024.32415 0
1685647709902 22967325138.10105 0
1685647709903 22842136156.755905 0
1685647709903 22716710516.9492 0
1685647709904 22521208310.232018 0
1685647709905 22268744074.475628 0
1685647709905 22167162103.279125 0
1685647709906 22021336950.48903 0
1685647709906 21912099004.05937 0
1685647709907 21762513664.47209 0
1685647709907 21705753277.19492 0
1685647709908 21571417346.693306 0
1685647709908 21505756101.696205 0
1685647709909 21218253048.43819 0
1685647709909 21103801494.143265 0
1685647709910 21042850504.66841 0
1685647709910 20974499854.87977 0
1685647709911 20866760302.20317 0
1685647709911 20832358096.822906 0
