1685710497271 268239480190.79517 0
1685710497272 248455482826.39554 0
1685710497272 230947286355.2379 0
1685710497273 214888301451.17316 0
1685710497274 200347228535.25034 0
1685710497274 186930495264.93155 0
1685710497275 174761478784.02338 0
1685710497275 163775375779.66446 0
1685710497276 153794885609.45306 0
1685710497276 144749282090.90958 0
1685710497277 136074387636.75551 0
1685710497278 128472979891.26051 0
1685710497278 121173371690.94145 0
1685710497279 114446210193.39714 0
1685710497279 108429428518.39398 0
1685710497280 103191460765.81021 0
1685710497280 98192658409.96574 0
1685710497281 93714212667.85703 0
1685710497282 89579915932.82768 0
1685710497282 85676240761.51727 0
1685710497283 82207025229.07751 0
1685710497283 78954172963.9911 0
1685710497284 75887043201.81342 0
1685710497284 73078767773.64442 0
1685710497285 70535871308.1157 0
1685710497285 68149183162.66327 0
1685710497286 65856647714.645256 0
1685710497287 63801853719.3538 0
1685710497287 61917806127.253334 0
1685710497288 60250216864.29897 0
1685710497288 58593734073.77179 0
1685710497289 57134445335.53513 0
1685710497289 55823291157.56872 0
1685710497290 54567932328.3037 0
1685710497291 53341213237.85529 0
1685710497291 52177197053.851776 0
1685710497292 50949105378.98112 0
1685710497292 49885887460.85965 0
1685710497293 48890129142.802986 0
1685710497293 47996695099.91626 0
1685710497294 47106818908.7004 0
1685710497295 46312822076.71599 0
1685710497295 45507896287.52713 0
1685710497296 44681066469.95415 0
1685710497296 43887342648.47835 0
1685710497297 43138058182.21321 0
1685710497297 42466384629.1995 0
1685710497298 41849280866.69843 0
1685710497298 41251069094.42847 0
1685710497299 40705926611.08811 0
1685710497300 40149619830.3739 0
1685710497300 39620558585.85992 0
1685710497301 39113750887.052444 0
1685710497301 38600357905.193184 0
1685710497302 38206396714.56959 0
1685710497303 37789124890.439285 0
1685710497303 37270244609.648964 0
1685710497304 36847828962.720604 0
1685710497304 36418665036.66498 0
1685710497305 36078170181.90016 0
1685710497305 35648374823.47533 0
1685710497306 35313887896.94244 0
1685710497306 34932382688.80943 0
1685710497307 34630928892.541336 0
1685710497308 34374460232.44612 0
1685710497308 34086104645.433037 0
1685710497309 33769570628.45682 0
1685710497309 33528513112.6475 0
1685710497310 33231804096.347782 0
1685710497310 32996400400.52964 0
1685710497311 32735638749.35919 0
1685710497312 32512494098.4889 0
1685710497312 32296389074.94226 0
1685710497313 32005188743.879307 0
1685710497313 31788349036.492683 0
1685710497314 31605327584.719086 0
1685710497314 31418925446.838333 0
1685710497315 31177230121.552414 0
1685710497316 31074329219.142635 0
1685710497316 30906183423.07288 0
1685710497317 30668486041.487392 0
1685710497317 30526835452.44378 0
1685710497318 30396349566.83016 0
1685710497318 30261856786.835705 0
1685710497319 30068158668.06316 0
1685710497320 29896433197.2907 0
1685710497320 29839937108.84034 0
1685710497321 29728862811.70179 0
1685710497321 29541609432.62986 0
1685710497322 29420412486.319897 0
1685710497322 29372374871.9433 0
1685710497323 29237276869.029243 0
1685710497323 29076663459.64842 0
1685710497324 29011755464.541004 0
1685710497325 28881358012.786896 0
1685710497325 28714772256.90839 0
1685710497326 28666756589.48311 0
1685710497326 28597649009.340168 0
1685710497327 28523864996.09776 0
1685710497327 28442465922.617184 0
