1685647700719 268239480190.79517 0
1685647700719 248455482826.3955 0
1685647700720 230947286355.2379 0
1685647700721 214888301451.17313 0
1685647700721 200347228535.2503 0
1685647700722 186930495264.93155 0
1685647700722 174761478784.02338 0
1685647700723 163775375779.66446 0
1685647700723 153794885609.45306 0
1685647700724 144749282090.90958 0
1685647700724 136074387636.75552 0
1685647700725 128472979891.26051 0
1685647700725 121173371690.94144 0
1685647700726 114446210193.39716 0
1685647700726 108429428518.39398 0
1685647700727 103191460765.81021 0
1685647700727 98192658409.96574 0
1685647700728 93714212667.85703 0
1685647700728 89579915932.82768 0
1685647700729 85676240761.51729 0
1685647700729 82207025229.0775 0
1685647700730 78954172963.9911 0
1685647700730 75887043201.81342 0
1685647700731 73078767773.64442 0
1685647700731 70535871308.1157 0
1685647700732 68149183162.66327 0
1685647700732 65856647714.645256 0
1685647700733 63801853719.3538 0
1685647700734 61917806127.253334 0
1685647700734 60250216864.298965 0
1685647700735 58593734073.77179 0
1685647700735 57134445335.53513 0
1685647700736 55823291157.56872 0
1685647700737 54567932328.3037 0
1685647700737 53341213237.85529 0
1685647700738 52177197053.851776 0
1685647700738 50949105378.98112 0
1685647700739 49885887460.85966 0
1685647700739 48890129142.802986 0
1685647700740 47996695099.91627 0
1685647700740 47106818908.7004 0
1685647700741 46312822076.71599 0
1685647700741 45507896287.52713 0
1685647700742 44681066469.95415 0
1685647700742 43887342648.47834 0
1685647700743 43138058182.2132 0
1685647700743 42466384629.1995 0
1685647700744 41849280866.698425 0
1685647700744 41251069094.42846 0
1685647700745 40705926611.08811 0
1685647700746 40149619830.3739 0
1685647700746 39620558585.85992 0
1685647700747 39113750887.052444 0
1685647700747 38600357905.19319 0
1685647700748 38206396714.56959 0
1685647700748 37789124890.43928 0
1685647700749 37270244609.648964 0
1685647700749 36847828962.7206 0
1685647700750 36418665036.66498 0
1685647700750 36078170181.90016 0
1685647700751 35648374823.47533 0
1685647700751 35313887896.94244 0
1685647700752 34932382688.809425 0
1685647700752 34630928892.541336 0
1685647700753 34374460232.44612 0
1685647700753 34086104645.433033 0
1685647700754 33769570628.456814 0
1685647700754 33528513112.6475 0
1685647700755 33231804096.347782 0
1685647700755 32996400400.52964 0
1685647700756 32735638749.359184 0
1685647700756 32512494098.4889 0
1685647700757 32296389074.942257 0
1685647700757 32005188743.879307 0
1685647700758 31788349036.492683 0
1685647700758 31605327584.71908 0
1685647700759 31418925446.83833 0
1685647700759 31177230121.55241 0
1685647700760 31074329219.142635 0
1685647700760 30906183423.07288 0
1685647700761 30668486041.48739 0
1685647700761 30526835452.44378 0
1685647700762 30396349566.830162 0
1685647700762 30261856786.835705 0
1685647700763 30068158668.06316 0
1685647700763 29896433197.290688 0
1685647700764 29839937108.84034 0
1685647700764 29728862811.701786 0
1685647700765 29541609432.62986 0
1685647700765 29420412486.319893 0
1685647700766 29372374871.943295 0
1685647700766 29237276869.02924 0
1685647700767 29076663459.648415 0
1685647700767 29011755464.541004 0
1685647700768 28881358012.786896 0
1685647700768 28714772256.908394 0
1685647700769 28666756589.48311 0
1685647700769 28597649009.340168 0
1685647700770 28523864996.097763 0
1685647700770 28442465922.617184 0
