1685708128724 285097724463.3844 0
1685708128724 280838296673.4112 0
1685708128725 276661058949.8067 0
1685708128725 272563688460.9799 0
1685708128726 268549813967.2019 0
1685708128727 264507103023.08594 0
1685708128727 260544811293.6873 0
1685708128728 256758446492.91916 0
1685708128728 252946261085.13785 0
1685708128729 249273197955.78952 0
1685708128729 245605982652.26514 0
1685708128730 242094246072.26996 0
1685708128730 238638685090.65155 0
1685708128731 235229790483.53064 0
1685708128732 231906473465.991 0
1685708128732 228625829553.0802 0
1685708128733 225407753139.0515 0
1685708128733 222228836046.53098 0
1685708128734 219149193294.63016 0
1685708128734 216048333014.8043 0
1685708128735 213043336931.75955 0
1685708128736 210116665673.67712 0
1685708128736 207254623663.72784 0
1685708128737 204419021871.72067 0
1685708128737 201660900971.0177 0
1685708128738 198883060870.07166 0
1685708128738 196238893861.8755 0
1685708128739 193596237341.54843 0
1685708128739 191041267875.186 0
1685708128740 188535671046.33426 0
1685708128741 186033896935.3242 0
1685708128741 183511316674.9336 0
1685708128742 181127759159.88354 0
1685708128742 178798988838.6957 0
1685708128743 176506334213.74847 0
1685708128743 174189108529.57904 0
1685708128744 171971341657.03986 0
1685708128744 169790650752.92783 0
1685708128745 167635740192.69223 0
1685708128745 165552581871.1144 0
1685708128746 163501756444.7557 0
1685708128747 161413273700.00323 0
1685708128747 159421300784.45807 0
1685708128748 157480235843.92847 0
1685708128748 155496579331.75082 0
1685708128749 153639074120.2462 0
1685708128749 151799795195.95966 0
1685708128750 149996153545.99487 0
1685708128750 148217150103.60632 0
1685708128751 146394871988.4815 0
1685708128752 144703097416.74622 0
1685708128752 142968186215.2001 0
1685708128753 141309836532.0925 0
1685708128753 139631311955.35822 0
1685708128754 138025673806.3803 0
1685708128754 136472069080.8694 0
1685708128755 134885149306.88579 0
1685708128755 133251995663.3063 0
1685708128756 131749476307.93208 0
1685708128757 130242420481.04639 0
1685708128757 128705700804.02626 0
1685708128758 127319413884.16234 0
1685708128758 125838878981.8696 0
1685708128759 124455962655.65605 0
1685708128759 123054349296.34767 0
1685708128760 121752910296.60939 0
1685708128760 120381794679.83302 0
1685708128761 119039405677.51451 0
1685708128761 117737588741.9242 0
1685708128762 116456251884.22893 0
1685708128763 115208982637.33829 0
1685708128763 113953413433.69495 0
1685708128764 112732844264.45352 0
1685708128764 111543215852.47534 0
1685708128765 110386625619.63776 0
1685708128765 109245749603.76889 0
1685708128766 108101805387.24622 0
1685708128766 107005051095.13618 0
1685708128767 105928533887.70686 0
1685708128768 104841533290.70216 0
1685708128768 103784659012.95276 0
1685708128769 102769409100.8355 0
1685708128769 101768436765.12637 0
1685708128770 100749577811.603 0
1685708128770 99782896299.3935 0
1685708128771 98809966849.33934 0
1685708128771 97875618824.11302 0
1685708128772 96963193374.39584 0
1685708128772 96031126406.37596 0
1685708128773 95153240618.27393 0
1685708128774 94283584639.928 0
1685708128774 93417086285.44043 0
1685708128775 92579112639.22847 0
1685708128775 91766060728.56956 0
1685708128776 90955953514.46153 0
1685708128776 90128525164.87224 0
1685708128777 89322929078.49734 0
1685708128777 88550784883.02397 0
1685708128778 87792703746.07465 0
1685708128779 87058657925.93912 0
