1685708089649 268239480190.79514 0
1685708089650 248455482826.3955 0
1685708089650 230947286355.2379 0
1685708089651 214888301451.17313 0
1685708089652 200347228535.2503 0
1685708089652 186930495264.93155 0
1685708089653 174761478784.02338 0
1685708089653 163775375779.66446 0
1685708089654 153794885609.45306 0
1685708089654 144749282090.90958 0
1685708089655 136074387636.75551 0
1685708089655 128472979891.26051 0
1685708089656 121173371690.94144 0
1685708089657 114446210193.39716 0
1685708089657 108429428518.394 0
1685708089658 103191460765.81021 0
1685708089658 98192658409.96576 0
1685708089659 93714212667.85703 0
1685708089659 89579915932.8277 0
1685708089660 85676240761.51729 0
1685708089660 82207025229.07751 0
1685708089661 78954172963.9911 0
1685708089662 75887043201.81342 0
1685708089662 73078767773.64442 0
1685708089663 70535871308.11572 0
1685708089663 68149183162.66328 0
1685708089664 65856647714.64526 0
1685708089664 63801853719.353806 0
1685708089665 61917806127.25335 0
1685708089665 60250216864.29898 0
1685708089666 58593734073.771805 0
1685708089667 57134445335.53515 0
1685708089667 55823291157.56873 0
1685708089668 54567932328.30371 0
1685708089668 53341213237.85529 0
1685708089669 52177197053.85178 0
1685708089669 50949105378.98112 0
1685708089670 49885887460.859665 0
1685708089670 48890129142.80299 0
1685708089671 47996695099.916275 0
1685708089671 47106818908.70041 0
1685708089672 46312822076.71599 0
1685708089673 45507896287.52714 0
1685708089673 44681066469.95416 0
1685708089674 43887342648.47836 0
1685708089674 43138058182.21321 0
1685708089675 42466384629.1995 0
1685708089675 41849280866.69844 0
1685708089676 41251069094.42847 0
1685708089676 40705926611.08812 0
1685708089677 40149619830.37392 0
1685708089678 39620558585.85992 0
1685708089678 39113750887.052444 0
1685708089679 38600357905.19319 0
1685708089679 38206396714.56959 0
1685708089680 37789124890.439285 0
1685708089680 37270244609.648964 0
1685708089681 36847828962.720604 0
1685708089681 36418665036.66498 0
1685708089682 36078170181.90016 0
1685708089682 35648374823.47533 0
1685708089683 35313887896.942444 0
1685708089684 34932382688.80943 0
1685708089684 34630928892.54134 0
1685708089685 34374460232.44613 0
1685708089685 34086104645.43304 0
1685708089686 33769570628.45682 0
1685708089686 33528513112.647503 0
1685708089687 33231804096.347782 0
1685708089687 32996400400.52964 0
1685708089688 32735638749.35919 0
1685708089688 32512494098.488903 0
1685708089689 32296389074.94226 0
1685708089689 32005188743.879307 0
1685708089690 31788349036.492695 0
1685708089691 31605327584.719086 0
1685708089691 31418925446.838337 0
1685708089692 31177230121.552414 0
1685708089692 31074329219.14264 0
1685708089693 30906183423.072884 0
1685708089693 30668486041.487392 0
1685708089694 30526835452.44378 0
1685708089694 30396349566.83016 0
1685708089695 30261856786.835705 0
1685708089695 30068158668.06316 0
1685708089696 29896433197.2907 0
1685708089697 29839937108.84034 0
1685708089697 29728862811.70179 0
1685708089698 29541609432.629864 0
1685708089698 29420412486.319897 0
1685708089699 29372374871.9433 0
1685708089699 29237276869.029243 0
1685708089700 29076663459.64842 0
1685708089700 29011755464.541004 0
1685708089701 28881358012.78689 0
1685708089701 28714772256.90839 0
1685708089702 28666756589.483112 0
1685708089702 28597649009.340168 0
1685708089703 28523864996.09776 0
1685708089704 28442465922.617188 0
