1685710450115 197150556180.16873 0
1685710450115 136278839692.9778 0
1685710450116 96644919258.33795 0
1685710450116 70717332998.69928 0
1685710450117 53055735433.37934 0
1685710450118 41174780305.24565 0
1685710450118 32831940174.19498 0
1685710450119 27317343072.250042 0
1685710450119 22484291292.037807 0
1685710450120 19623836630.837772 0
1685710450120 17240866060.48338 0
1685710450121 15655708223.909517 0
1685710450122 14417558355.294641 0
1685710450122 13354793865.37043 0
1685710450123 12442200524.770842 0
1685710450123 11718385989.515675 0
1685710450124 11135492912.33193 0
1685710450124 10324863576.750746 0
1685710450125 10000023541.31937 0
1685710450125 9754592475.116323 0
1685710450126 9300782782.88208 0
1685710450127 9070420906.967691 0
1685710450127 8867447652.013792 0
1685710450128 8547571285.332147 0
1685710450128 8349866384.333671 0
1685710450129 8134765881.178992 0
1685710450129 7856761021.825763 0
1685710450130 7694155713.138841 0
1685710450130 7559534311.352359 0
1685710450131 7408655264.429264 0
1685710450132 7350476726.582931 0
1685710450132 7255074856.50918 0
1685710450133 7004898410.934854 0
1685710450133 6960501478.334834 0
1685710450134 6916273522.854189 0
1685710450134 6780920901.841036 0
1685710450135 6636557608.622157 0
1685710450136 6504587244.902992 0
1685710450136 6376210762.752963 0
1685710450137 6335955517.773273 0
1685710450137 5725428463.166788 0
1685710450138 5636500953.631299 0
1685710450138 5542066146.854466 0
1685710450139 5514971499.039349 0
1685710450139 5403658219.425412 0
1685710450140 5376675227.582049 0
1685710450141 5313466888.384357 0
1685710450141 5199068217.885337 0
1685710450142 5187277387.781483 0
1685710450142 5148214852.013009 0
1685710450143 5087980609.160633 0
1685710450143 4983850971.773853 0
1685710450144 4973350649.079783 0
1685710450145 4969544951.995083 0
1685710450145 4909442128.287064 0
1685710450146 4846138294.391964 0
1685710450146 4818920614.525751 0
1685710450147 4814755887.729477 0
1685710450147 4722437327.271453 0
1685710450148 4666996418.870761 0
1685710450149 4655335227.664146 0
1685710450149 4652654094.4726 0
1685710450150 4544930870.008194 0
1685710450150 4401026410.372915 0
1685710450151 4367507495.307186 0
1685710450151 4330432437.418235 0
1685710450152 4287447072.8713703 0
1685710450152 3960187906.844912 0
1685710450153 3928421317.038459 0
1685710450153 3902612222.442143 0
1685710450154 3830919173.0472093 0
1685710450155 3795715242.6177564 0
1685710450155 3763423763.643849 0
1685710450156 3724259516.0350184 0
1685710450156 3706084737.760206 0
1685710450157 3649122306.4292483 0
1685710450157 3638381516.2470217 0
1685710450158 3603022592.7593427 0
1685710450158 3597405866.179571 0
1685710450159 3545646571.420959 0
1685710450160 3524478017.183043 0
1685710450160 3476468049.3463726 0
1685710450161 3439813407.5607424 0
1685710450161 3389216931.019807 0
1685710450162 3379273672.572362 0
1685710450162 3363852285.749933 0
1685710450163 3328354249.5499883 0
1685710450163 3282167923.9309316 0
1685710450164 3256989510.3795958 0
1685710450165 3250201222.0662766 0
1685710450165 3223984152.7693143 0
1685710450166 3219243504.841446 0
1685710450166 3200023316.0408645 0
1685710450167 2972837379.8988914 0
1685710450167 2949866779.339908 0
1685710450168 2928067152.7882657 0
1685710450168 2920056682.4667096 0
1685710450169 2901261560.5816336 0
1685710450170 2880347996.4914865 0
1685710450170 2860082547.7521987 0
