1685708081629 240722666874.84048 0
1685708081630 200946218075.53864 0
1685708081631 168079249654.79083 0
1685708081631 141172906262.5734 0
1685708081632 119473328406.17342 0
1685708081632 101482299734.73463 0
1685708081633 86663050874.79085 0
1685708081633 74729497339.64279 0
1685708081634 65016439906.73126 0
1685708081635 56311562321.06429 0
1685708081635 49301699422.95167 0
1685708081636 43256854109.074356 0
1685708081636 38530176570.245735 0
1685708081637 34499167913.25868 0
1685708081637 31142295899.95688 0
1685708081638 28289871730.862827 0
1685708081638 25923174373.820667 0
1685708081639 23812350503.328064 0
1685708081640 22066193196.619232 0
1685708081640 20686533920.105896 0
1685708081641 19357130983.373608 0
1685708081641 18230715411.47868 0
1685708081642 17263901147.038868 0
1685708081642 16413144509.822733 0
1685708081643 15697718747.974186 0
1685708081644 15081274535.33409 0
1685708081644 14491651185.325108 0
1685708081645 14022436306.277748 0
1685708081645 13608372304.903746 0
1685708081646 13115712865.594849 0
1685708081646 12681786684.108679 0
1685708081647 12328012389.312584 0
1685708081647 12004353896.748217 0
1685708081648 11591190945.658463 0
1685708081648 11338489191.173368 0
1685708081649 11119701380.46736 0
1685708081650 10834564851.473135 0
1685708081650 10617407261.19813 0
1685708081651 10292523747.368328 0
1685708081651 9776198223.72011 0
1685708081652 9616514817.997683 0
1685708081652 9442263926.507338 0
1685708081653 9203224756.117023 0
1685708081653 8976269823.58003 0
1685708081654 8823878190.16747 0
1685708081655 8718430082.157867 0
1685708081655 8607754365.93838 0
1685708081656 8476027099.590246 0
1685708081656 8411293773.783985 0
1685708081657 8319083687.246615 0
1685708081657 8247404430.534786 0
1685708081658 8056944375.792685 0
1685708081658 7990217603.189915 0
1685708081659 7894402816.681093 0
1685708081659 7800833481.975603 0
1685708081660 7728183083.759103 0
1685708081661 7638421438.499139 0
1685708081661 7597351665.741342 0
1685708081662 7546538595.518923 0
1685708081662 7402593968.813191 0
1685708081663 7377797386.073218 0
1685708081663 7285097642.730615 0
1685708081664 7247867598.023669 0
1685708081664 7212546576.261366 0
1685708081665 7166247779.613071 0
1685708081665 7126374697.00169 0
1685708081666 7056853615.161129 0
1685708081667 6914942922.840799 0
1685708081667 6881559818.570459 0
1685708081668 6853814230.763791 0
1685708081668 6764308166.785703 0
1685708081669 6756490221.5654745 0
1685708081669 6711531237.488447 0
1685708081670 6646571679.529491 0
1685708081670 6569848090.5686455 0
1685708081671 6522509504.827271 0
1685708081671 6506548899.761874 0
1685708081672 6483514839.291445 0
1685708081673 6428138526.324863 0
1685708081673 6416394157.125176 0
1685708081674 6136686807.151479 0
1685708081674 6114939932.134271 0
1685708081675 6103411294.263116 0
1685708081675 6049963345.2325535 0
1685708081676 6020473157.178573 0
1685708081676 5973580187.383225 0
1685708081677 5932695621.620237 0
1685708081677 5925390319.493421 0
1685708081678 5855558686.6837 0
1685708081679 5812540794.055998 0
1685708081679 5781559471.786038 0
1685708081680 5728880941.797629 0
1685708081680 5719629464.008337 0
1685708081681 5709193462.530127 0
1685708081681 5671600027.347213 0
1685708081682 5660043439.060257 0
1685708081682 5621610952.194519 0
1685708081683 5569372742.495696 0
1685708081683 5529927572.877044 0
1685708081684 5480929747.68596 0
