1685708011735 211212558521.27612 0
1685708011735 156897159725.54596 0
1685708011736 122576114702.50471 0
1685708011736 98327680399.20744 0
1685708011737 81565910985.74788 0
1685708011738 69702002348.16643 0
1685708011738 61026560289.54039 0
1685708011739 55088188628.42406 0
1685708011739 49943940482.88824 0
1685708011740 46441331928.855995 0
1685708011740 42909442187.20873 0
1685708011741 40427379136.57015 0
1685708011741 38339152605.440285 0
1685708011742 36792682301.56199 0
1685708011742 35235169624.59677 0
1685708011743 34224164559.379173 0
1685708011744 33326628346.231197 0
1685708011744 32385918305.533066 0
1685708011745 31705378950.906055 0
1685708011745 31040215744.826534 0
1685708011746 30085925835.903954 0
1685708011746 29746183152.429073 0
1685708011747 29151896902.574135 0
1685708011747 28531523941.65478 0
1685708011748 28054197516.390057 0
1685708011748 27799156373.783073 0
1685708011749 27617535709.72911 0
1685708011750 27323239594.762608 0
1685708011750 26923067052.979084 0
1685708011751 26783870657.62937 0
1685708011751 26500762393.788902 0
1685708011752 26305851084.385166 0
1685708011752 26091810887.516895 0
1685708011753 25647172468.499386 0
1685708011753 25198747841.86822 0
1685708011754 25120634547.806503 0
1685708011754 24763450481.208603 0
1685708011755 24522122659.516605 0
1685708011755 24427293242.277897 0
1685708011756 24386630115.97918 0
1685708011757 24149725405.203785 0
1685708011757 23988657155.76193 0
1685708011758 23945021272.01892 0
1685708011758 22861190034.759663 0
1685708011759 22681763707.347412 0
1685708011759 22525370529.09483 0
1685708011760 22041921112.941006 0
1685708011760 21367050590.43041 0
1685708011761 21157728126.026203 0
1685708011761 21038657864.695877 0
1685708011762 20994118138.65272 0
1685708011763 20912943712.62403 0
1685708011763 20612448750.35992 0
1685708011764 20578120655.548683 0
1685708011764 20488709526.410995 0
1685708011765 20339855212.92739 0
1685708011765 20131988796.57025 0
1685708011766 19677791403.3316 0
1685708011766 19358948535.08081 0
1685708011767 19252707781.97559 0
1685708011767 19170849678.690784 0
1685708011768 18865754618.656193 0
1685708011768 18728387773.648563 0
1685708011769 18620478761.133316 0
1685708011770 18542772905.387524 0
1685708011770 18350724665.52662 0
1685708011771 18257632709.298615 0
1685708011771 18112856080.153515 0
1685708011772 18068878967.26177 0
1685708011772 17718818704.9203 0
1685708011773 17678747346.17891 0
1685708011773 17659929618.14797 0
1685708011774 17622941670.077038 0
1685708011774 17593273575.508224 0
1685708011775 17529793543.622272 0
1685708011775 17459088118.996933 0
1685708011776 17282973300.08303 0
1685708011776 17138921475.9667 0
1685708011777 17112310981.004078 0
1685708011778 17099224940.55461 0
1685708011778 16979227007.82144 0
1685708011779 16843331890.877338 0
1685708011779 16735800596.476927 0
1685708011780 16708593679.782915 0
1685708011780 16629564565.92053 0
1685708011781 16611320720.07574 0
1685708011781 16602612725.935608 0
1685708011782 16551408344.46381 0
1685708011782 16411605563.671604 0
1685708011783 16374432416.886728 0
1685708011783 16177018997.975212 0
1685708011784 15999986693.620567 0
1685708011784 15888489199.770832 0
1685708011785 15759322954.292675 0
1685708011786 15624477586.35396 0
1685708011786 15519479887.097626 0
1685708011787 15459806722.411406 0
1685708011787 15414116837.908525 0
1685708011788 15285484227.978228 0
1685708011788 15168061361.949558 0
