1685710418722 211212558521.27612 0
1685710418723 156897159725.546 0
1685710418723 122576114702.50475 0
1685710418724 98327680399.20746 0
1685710418724 81565910985.74791 0
1685710418725 69702002348.16643 0
1685710418725 61026560289.54038 0
1685710418726 55088188628.42406 0
1685710418727 49943940482.888245 0
1685710418727 46441331928.855995 0
1685710418728 42909442187.20873 0
1685710418728 40427379136.57015 0
1685710418729 38339152605.440285 0
1685710418729 36792682301.562 0
1685710418730 35235169624.59676 0
1685710418731 34224164559.379173 0
1685710418731 33326628346.2312 0
1685710418732 32385918305.533066 0
1685710418732 31705378950.906055 0
1685710418733 31040215744.826534 0
1685710418733 30085925835.903954 0
1685710418734 29746183152.429073 0
1685710418735 29151896902.574135 0
1685710418735 28531523941.65478 0
1685710418736 28054197516.390057 0
1685710418736 27799156373.783073 0
1685710418737 27617535709.72912 0
1685710418737 27323239594.762608 0
1685710418738 26923067052.979088 0
1685710418738 26783870657.629375 0
1685710418739 26500762393.788902 0
1685710418740 26305851084.38517 0
1685710418740 26091810887.5169 0
1685710418741 25647172468.499386 0
1685710418741 25198747841.86822 0
1685710418742 25120634547.806503 0
1685710418742 24763450481.208603 0
1685710418743 24522122659.516605 0
1685710418744 24427293242.277893 0
1685710418744 24386630115.97918 0
1685710418745 24149725405.203785 0
1685710418745 23988657155.76193 0
1685710418746 23945021272.018925 0
1685710418746 22861190034.75966 0
1685710418747 22681763707.347416 0
1685710418748 22525370529.094826 0
1685710418748 22041921112.941006 0
1685710418749 21367050590.43041 0
1685710418749 21157728126.026203 0
1685710418750 21038657864.695877 0
1685710418750 20994118138.65272 0
1685710418751 20912943712.62403 0
1685710418751 20612448750.35992 0
1685710418752 20578120655.548683 0
1685710418753 20488709526.410995 0
1685710418753 20339855212.92739 0
1685710418754 20131988796.57025 0
1685710418754 19677791403.3316 0
1685710418755 19358948535.08081 0
1685710418755 19252707781.97559 0
1685710418756 19170849678.690784 0
1685710418756 18865754618.656193 0
1685710418757 18728387773.648563 0
1685710418758 18620478761.133316 0
1685710418758 18542772905.387527 0
1685710418759 18350724665.526623 0
1685710418759 18257632709.298615 0
1685710418760 18112856080.153515 0
1685710418760 18068878967.261765 0
1685710418761 17718818704.9203 0
1685710418761 17678747346.17891 0
1685710418762 17659929618.147972 0
1685710418763 17622941670.077038 0
1685710418763 17593273575.50822 0
1685710418764 17529793543.622272 0
1685710418764 17459088118.996933 0
1685710418765 17282973300.08303 0
1685710418765 17138921475.9667 0
1685710418766 17112310981.004078 0
1685710418767 17099224940.554613 0
1685710418767 16979227007.82144 0
1685710418768 16843331890.877342 0
1685710418768 16735800596.476929 0
1685710418769 16708593679.782915 0
1685710418769 16629564565.92053 0
1685710418770 16611320720.07574 0
1685710418770 16602612725.935606 0
1685710418771 16551408344.46381 0
1685710418772 16411605563.671602 0
1685710418772 16374432416.886728 0
1685710418773 16177018997.975212 0
1685710418773 15999986693.620567 0
1685710418774 15888489199.770832 0
1685710418774 15759322954.292677 0
1685710418775 15624477586.353962 0
1685710418775 15519479887.09763 0
1685710418776 15459806722.411406 0
1685710418777 15414116837.908525 0
1685710418777 15285484227.978226 0
1685710418778 15168061361.949558 0
