1685710428143 205113005202.17245 0
1685710428144 147947873603.21927 0
1685710428144 111315085395.70557 0
1685710428145 86654762351.68086 0
1685710428145 69628719400.47704 0
1685710428146 57949429825.066696 0
1685710428147 49514273377.88199 0
1685710428147 43658139737.21092 0
1685710428148 39491688156.97958 0
1685710428148 36180419457.29377 0
1685710428149 33400245946.98676 0
1685710428149 31281179199.998554 0
1685710428150 29531112279.108692 0
1685710428151 28296336825.435574 0
1685710428151 26879684830.99452 0
1685710428152 26042625654.624157 0
1685710428152 25095804438.68303 0
1685710428153 24432699427.55845 0
1685710428153 23701761704.728107 0
1685710428154 23261025822.394077 0
1685710428155 22570589719.748535 0
1685710428155 22334308100.16064 0
1685710428156 21269259823.919952 0
1685710428156 21012614149.64157 0
1685710428157 19973733169.144623 0
1685710428157 19505144946.616848 0
1685710428158 19304090205.153206 0
1685710428158 19162596877.53217 0
1685710428159 19096079496.754032 0
1685710428160 18263578141.49924 0
1685710428160 18055768146.10225 0
1685710428161 17935513081.8053 0
1685710428161 17721575915.85939 0
1685710428162 17408909287.67925 0
1685710428162 17255067662.351425 0
1685710428163 17213695227.29845 0
1685710428164 17000661355.834492 0
1685710428164 16910754195.498596 0
1685710428165 16784885787.959682 0
1685710428165 16446722786.635767 0
1685710428166 16396987559.514912 0
1685710428166 16137421009.054934 0
1685710428167 15923198874.243404 0
1685710428167 15899062334.509708 0
1685710428168 15571339371.726553 0
1685710428169 15254305834.293776 0
1685710428169 15166500519.800829 0
1685710428170 14935210329.48459 0
1685710428170 14768465102.009941 0
1685710428171 14706800834.89569 0
1685710428171 14653416126.54288 0
1685710428172 14435321704.741692 0
1685710428172 14258062908.759287 0
1685710428173 14066583173.840141 0
1685710428174 13935861882.763508 0
1685710428174 13854370935.88571 0
1685710428175 13833969831.865252 0
1685710428175 13683286519.938795 0
1685710428176 13559389675.044493 0
1685710428176 13414665913.687616 0
1685710428177 13350547191.572523 0
1685710428178 13317635314.08221 0
1685710428178 13135712654.49247 0
1685710428179 13071875586.71901 0
1685710428179 12967680265.906403 0
1685710428180 12955835354.638441 0
1685710428180 12947250538.43906 0
1685710428181 12903993670.943184 0
1685710428181 12714159195.39809 0
1685710428182 12448654527.537064 0
1685710428183 12334532830.537241 0
1685710428183 12305406832.18823 0
1685710428184 12159731269.05334 0
1685710428184 12137163758.638292 0
1685710428185 12084481397.116657 0
1685710428185 11956150552.290089 0
1685710428186 11907427339.688093 0
1685710428186 11846320351.26017 0
1685710428187 11836010438.57012 0
1685710428188 11830683705.199139 0
1685710428188 11734449444.320179 0
1685710428189 11553523355.226809 0
1685710428189 11465609048.786602 0
1685710428190 11450465438.766335 0
1685710428190 11372195957.417778 0
1685710428191 11331381098.215471 0
1685710428191 11214037397.788366 0
1685710428192 11207747796.630203 0
1685710428193 11096019730.243235 0
1685710428193 11085782962.101828 0
1685710428194 11062389233.123808 0
1685710428194 10916548837.699984 0
1685710428195 10864433736.645885 0
1685710428195 10755652126.262575 0
1685710428196 10680023747.132803 0
1685710428196 10617175990.544552 0
1685710428197 10522040023.740107 0
1685710428198 10469102180.485422 0
1685710428198 10384957969.580862 0
1685710428199 10268319231.584154 0
