1685649191548 244925070525.34247 0
1685649191548 207884449627.8017 0
1685649191549 177582187352.84946 0
1685649191549 152601899748.33643 0
1685649191550 132530813282.06256 0
1685649191550 115936676804.87311 0
1685649191551 102081874789.47078 0
1685649191551 90955044696.90132 0
1685649191552 81433697403.08887 0
1685649191552 73332653359.5674 0
1685649191553 66538001743.47986 0
1685649191553 60978388947.21581 0
1685649191554 56038172723.48232 0
1685649191554 52026628344.91321 0
1685649191555 48614098762.67273 0
1685649191555 45652704514.00341 0
1685649191556 43213148590.80918 0
1685649191556 40693386703.76525 0
1685649191557 38773138023.30747 0
1685649191557 37021609352.177635 0
1685649191558 35463519510.56291 0
1685649191558 34049639898.670395 0
1685649191559 32941881755.573917 0
1685649191559 32029676424.34941 0
1685649191560 31023044699.008453 0
1685649191560 30196320809.653603 0
1685649191561 29281783323.036377 0
1685649191561 28554386356.557274 0
1685649191562 27906031042.693615 0
1685649191562 27441258723.24666 0
1685649191563 26829630009.99632 0
1685649191563 26274695610.201477 0
1685649191564 25715017133.24262 0
1685649191564 25266750174.718452 0
1685649191565 24843094451.742107 0
1685649191565 24456473383.81172 0
1685649191566 23996787831.503998 0
1685649191566 23731981838.45318 0
1685649191567 23380156794.835663 0
1685649191567 22997195428.728218 0
1685649191568 22723466978.81159 0
1685649191568 22222704361.028202 0
1685649191569 21976138641.513954 0
1685649191569 21871742114.52084 0
1685649191570 21535268797.836983 0
1685649191570 21351651599.973743 0
1685649191571 21062619731.164925 0
1685649191571 20920629916.27644 0
1685649191572 20840016015.965115 0
1685649191572 20686583165.30827 0
1685649191573 20471787187.125767 0
1685649191573 20324030735.93835 0
1685649191574 20102778907.84182 0
1685649191575 19593879196.17323 0
1685649191575 19488854106.535133 0
1685649191576 19152765670.07906 0
1685649191576 19007492401.732018 0
1685649191577 18823289022.074535 0
1685649191577 18715227364.783363 0
1685649191578 18643783730.14422 0
1685649191578 18365381925.304615 0
1685649191579 18165273840.2967 0
1685649191580 18088712524.250717 0
1685649191580 18033799003.68253 0
1685649191581 17872074555.6235 0
1685649191582 17797206594.24331 0
1685649191582 17480633973.092163 0
1685649191583 17441706050.064796 0
1685649191583 17365940281.774773 0
1685649191584 17336495022.088455 0
1685649191584 17271839381.56104 0
1685649191585 17188475925.430454 0
1685649191586 17009827526.73204 0
1685649191586 16980037769.78249 0
1685649191587 16776024575.72383 0
1685649191587 16752471504.376196 0
1685649191588 16669556716.279417 0
1685649191588 16614753753.609861 0
1685649191589 16543228062.83182 0
1685649191589 16456003806.887152 0
1685649191590 16339390123.983992 0
1685649191590 16121554418.326828 0
1685649191591 16035577741.687315 0
1685649191591 15989166893.368696 0
1685649191592 15852745658.218033 0
1685649191592 15830031654.715796 0
1685649191593 15583213133.048174 0
1685649191593 15501492931.830574 0
1685649191594 15428793855.6204 0
1685649191594 15368217311.10011 0
1685649191595 15340576368.214392 0
1685649191595 15270409692.10222 0
1685649191596 15237081069.250795 0
1685649191596 15226953442.3561 0
1685649191597 14648309600.1079 0
1685649191597 14587931838.784285 0
1685649191598 14551282154.513252 0
1685649191598 14450844926.465479 0
1685649191599 14434059913.259277 0
1685649191599 14318458299.918348 0
