1685710477668 242682178740.6622 0
1685710477669 204079476339.32275 0
1685710477669 172729327180.7307 0
1685710477670 146823354530.6705 0
1685710477671 125778066477.71129 0
1685710477671 108292450082.88864 0
1685710477672 94232290880.90884 0
1685710477672 82093094925.7192 0
1685710477673 72346997434.21487 0
1685710477674 64095270014.381485 0
1685710477674 57184227926.646 0
1685710477675 51681138832.0147 0
1685710477675 46698288306.10693 0
1685710477676 42774917155.5987 0
1685710477676 39153692240.68057 0
1685710477677 36324229602.52883 0
1685710477678 33817692336.10598 0
1685710477678 31714310107.33655 0
1685710477679 29684966716.684742 0
1685710477679 28158924850.781105 0
1685710477680 26558165305.830265 0
1685710477680 25359224839.070618 0
1685710477681 24164070073.052235 0
1685710477682 23168722552.245953 0
1685710477682 22262515077.699905 0
1685710477683 21525914018.150223 0
1685710477683 20839657164.811893 0
1685710477684 20095866349.770267 0
1685710477684 19499680521.215717 0
1685710477685 18966565721.24213 0
1685710477686 18476566777.577976 0
1685710477686 18019474632.82346 0
1685710477687 17637511234.63409 0
1685710477687 17247169204.26328 0
1685710477688 16951299114.920597 0
1685710477688 16053174058.46114 0
1685710477689 15712890544.326021 0
1685710477690 15527575274.023048 0
1685710477690 15191544221.388523 0
1685710477691 14996931269.19776 0
1685710477691 14768079359.798227 0
1685710477692 14341636295.752926 0
1685710477692 14216377147.737324 0
1685710477693 14030325154.383059 0
1685710477694 13841227063.520535 0
1685710477694 13647132099.368843 0
1685710477695 13502348522.6194 0
1685710477695 13215614564.597233 0
1685710477696 13145698226.412945 0
1685710477696 12923873531.310452 0
1685710477697 12866098515.026571 0
1685710477698 12677448573.431864 0
1685710477698 12536050695.555082 0
1685710477699 12415535616.258207 0
1685710477699 12371515559.19817 0
1685710477700 12330710340.14911 0
1685710477700 11768129167.693203 0
1685710477701 11632050738.6809 0
1685710477702 11538331193.167772 0
1685710477702 11506635986.743187 0
1685710477703 11063552306.055916 0
1685710477703 11024593428.511717 0
1685710477704 10907277320.210903 0
1685710477704 10787705366.421558 0
1685710477705 10677678866.853764 0
1685710477706 10609653522.733091 0
1685710477706 10586433291.50354 0
1685710477707 10192756913.83964 0
1685710477707 10123868524.942772 0
1685710477708 10092748882.143763 0
1685710477708 10035465024.784584 0
1685710477709 9926056143.958023 0
1685710477710 9849263404.162857 0
1685710477710 9772769414.099766 0
1685710477711 9656643183.472866 0
1685710477711 9643719840.335146 0
1685710477712 9605062035.390587 0
1685710477712 9542651357.714642 0
1685710477713 9459057975.628614 0
1685710477714 9413097194.137524 0
1685710477714 9360101095.20069 0
1685710477715 9289212284.282913 0
1685710477715 9219673358.516188 0
1685710477716 9147853360.025803 0
1685710477717 9072116266.73211 0
1685710477717 8987672846.456837 0
1685710477718 8943743885.686386 0
1685710477718 8907396077.988003 0
1685710477719 8839054358.687475 0
1685710477719 8829787451.810059 0
1685710477720 8773044959.710592 0
1685710477721 8699410321.13699 0
1685710477721 8688602602.311802 0
1685710477722 8635772940.873907 0
1685710477722 8562903629.796508 0
1685710477723 8481860667.816834 0
1685710477723 8429408488.032112 0
1685710477724 8422247047.478049 0
1685710477724 8380025227.025505 0
1685710477725 8349331559.534503 0
