1685649761842 244925070525.34247 0
1685649761842 207884449627.8017 0
1685649761843 177582187352.8494 0
1685649761843 152601899748.33643 0
1685649761844 132530813282.06255 0
1685649761844 115936676804.87306 0
1685649761845 102081874789.47078 0
1685649761845 90955044696.90132 0
1685649761846 81433697403.08885 0
1685649761846 73332653359.56737 0
1685649761847 66538001743.47986 0
1685649761847 60978388947.21581 0
1685649761848 56038172723.48232 0
1685649761848 52026628344.9132 0
1685649761849 48614098762.672745 0
1685649761850 45652704514.00341 0
1685649761850 43213148590.80917 0
1685649761851 40693386703.76525 0
1685649761851 38773138023.307465 0
1685649761852 37021609352.177635 0
1685649761852 35463519510.562904 0
1685649761853 34049639898.67039 0
1685649761854 32941881755.573917 0
1685649761854 32029676424.34941 0
1685649761855 31023044699.008453 0
1685649761855 30196320809.653603 0
1685649761856 29281783323.036385 0
1685649761857 28554386356.557274 0
1685649761857 27906031042.693615 0
1685649761858 27441258723.24666 0
1685649761858 26829630009.99632 0
1685649761859 26274695610.201477 0
1685649761859 25715017133.24262 0
1685649761860 25266750174.718456 0
1685649761860 24843094451.742107 0
1685649761861 24456473383.81172 0
1685649761862 23996787831.503998 0
1685649761862 23731981838.45318 0
1685649761863 23380156794.835663 0
1685649761863 22997195428.728218 0
1685649761864 22723466978.811596 0
1685649761864 22222704361.028202 0
1685649761865 21976138641.513954 0
1685649761865 21871742114.52084 0
1685649761866 21535268797.836987 0
1685649761867 21351651599.973743 0
1685649761867 21062619731.164925 0
1685649761868 20920629916.276443 0
1685649761868 20840016015.965115 0
1685649761869 20686583165.30827 0
1685649761869 20471787187.125763 0
1685649761870 20324030735.93835 0
1685649761870 20102778907.84182 0
1685649761871 19593879196.17323 0
1685649761871 19488854106.535133 0
1685649761872 19152765670.07906 0
1685649761872 19007492401.732018 0
1685649761873 18823289022.074535 0
1685649761874 18715227364.783363 0
1685649761874 18643783730.14422 0
1685649761875 18365381925.304615 0
1685649761875 18165273840.2967 0
1685649761876 18088712524.250717 0
1685649761876 18033799003.68253 0
1685649761877 17872074555.6235 0
1685649761877 17797206594.24331 0
1685649761878 17480633973.092163 0
1685649761878 17441706050.064796 0
1685649761879 17365940281.774773 0
1685649761879 17336495022.088455 0
1685649761880 17271839381.561043 0
1685649761880 17188475925.430454 0
1685649761881 17009827526.73204 0
1685649761881 16980037769.782494 0
1685649761882 16776024575.723831 0
1685649761882 16752471504.376196 0
1685649761883 16669556716.279419 0
1685649761883 16614753753.609861 0
1685649761884 16543228062.831821 0
1685649761885 16456003806.887156 0
1685649761885 16339390123.983994 0
1685649761886 16121554418.326828 0
1685649761886 16035577741.687317 0
1685649761887 15989166893.368696 0
1685649761887 15852745658.218033 0
1685649761888 15830031654.715797 0
1685649761888 15583213133.048174 0
1685649761889 15501492931.830576 0
1685649761889 15428793855.6204 0
1685649761890 15368217311.100113 0
1685649761890 15340576368.214392 0
1685649761891 15270409692.10222 0
1685649761891 15237081069.250797 0
1685649761892 15226953442.356102 0
1685649761892 14648309600.1079 0
1685649761893 14587931838.784286 0
1685649761893 14551282154.513252 0
1685649761894 14450844926.465479 0
1685649761894 14434059913.25928 0
1685649761895 14318458299.91835 0
