1685708098821 266587517833.5379 0
1685708098821 245553075414.2569 0
1685708098822 226652103647.81027 0
1685708098823 209410313052.36798 0
1685708098823 193922018973.08395 0
1685708098824 179653715356.58218 0
1685708098824 166770550836.62857 0
1685708098825 155166993797.2316 0
1685708098825 144573669198.54135 0
1685708098826 134836885557.72758 0
1685708098827 126176292146.6427 0
1685708098827 118335223412.06532 0
1685708098828 110981393133.41896 0
1685708098828 104467755925.26933 0
1685708098829 98260817212.70396 0
1685708098829 92628497487.5911 0
1685708098830 87511346109.36113 0
1685708098831 82914939690.70293 0
1685708098831 78584554704.68579 0
1685708098832 74632163257.0154 0
1685708098832 71023875009.19748 0
1685708098833 67772502555.87622 0
1685708098833 64761429898.72068 0
1685708098834 62076585151.37892 0
1685708098834 59497218795.87916 0
1685708098835 57146131150.48832 0
1685708098836 54938924383.33641 0
1685708098836 52911314784.78421 0
1685708098837 50990600501.407074 0
1685708098837 49209796112.711296 0
1685708098838 47623884705.11398 0
1685708098838 46118437237.76493 0
1685708098839 44701424019.09865 0
1685708098839 43487921556.27843 0
1685708098840 42293107998.808014 0
1685708098841 41169436883.092545 0
1685708098841 40079856250.15997 0
1685708098842 39145959198.04942 0
1685708098842 38207105145.45456 0
1685708098843 37406906311.81867 0
1685708098843 36582762866.77144 0
1685708098844 35857537782.95891 0
1685708098844 35195322211.96418 0
1685708098845 34488435299.24716 0
1685708098845 33827880400.915813 0
1685708098846 33217590143.956646 0
1685708098847 32700543808.732296 0
1685708098847 32184569684.85374 0
1685708098848 31723999078.659523 0
1685708098848 31256137269.931496 0
1685708098849 30834769979.81834 0
1685708098849 30382839910.248535 0
1685708098850 29951973062.943813 0
1685708098850 29594601761.12511 0
1685708098851 29200797239.954605 0
1685708098852 28840643974.07912 0
1685708098852 28545678566.022865 0
1685708098853 28216456692.155373 0
1685708098853 27906093511.430958 0
1685708098854 27585895730.829216 0
1685708098854 27301020170.669834 0
1685708098855 27043165583.32054 0
1685708098855 26804542396.387062 0
1685708098856 26535899502.71418 0
1685708098856 26298372663.190006 0
1685708098857 26047096162.789635 0
1685708098858 25810819565.45191 0
1685708098858 25586926758.268803 0
1685708098859 25299791350.862827 0
1685708098859 25106153232.224228 0
1685708098860 24887807238.680737 0
1685708098860 24721011003.625813 0
1685708098861 24584803853.51517 0
1685708098861 24429197748.069523 0
1685708098862 24243899248.366005 0
1685708098862 24084976849.03622 0
1685708098863 23926244302.751526 0
1685708098864 23750007305.06082 0
1685708098864 23600793563.74443 0
1685708098865 23438733028.22517 0
1685708098865 23296621768.866467 0
1685708098866 23186729024.32415 0
1685708098866 22967325138.10105 0
1685708098867 22842136156.75591 0
1685708098867 22716710516.949203 0
1685708098868 22521208310.232018 0
1685708098868 22268744074.475628 0
1685708098869 22167162103.279125 0
1685708098869 22021336950.489025 0
1685708098870 21912099004.05937 0
1685708098870 21762513664.47209 0
1685708098871 21705753277.19492 0
1685708098872 21571417346.693306 0
1685708098872 21505756101.696205 0
1685708098873 21218253048.43819 0
1685708098873 21103801494.143265 0
1685708098874 21042850504.66841 0
1685708098874 20974499854.879765 0
1685708098875 20866760302.20317 0
1685708098875 20832358096.822906 0
