1685708031248 200863315504.88354 0
1685708031249 141869536978.11813 0
1685708031249 103140678382.19292 0
1685708031250 77438344360.45802 0
1685708031250 60311851441.487206 0
1685708031251 48668972092.31238 0
1685708031251 40549659107.64049 0
1685708031252 35143627813.755905 0
1685708031253 30771808779.66065 0
1685708031253 27074863830.178814 0
1685708031254 24477632983.567516 0
1685708031254 22514543883.153683 0
1685708031255 21139470929.6923 0
1685708031255 20060128768.313805 0
1685708031256 18802917841.62793 0
1685708031256 18055350837.606712 0
1685708031257 17483842621.3174 0
1685708031258 16658761198.488873 0
1685708031258 16041411383.203537 0
1685708031259 15648981822.78439 0
1685708031259 15275180258.57445 0
1685708031260 15043691655.099903 0
1685708031260 14551802120.924816 0
1685708031261 14112400211.61587 0
1685708031261 13742037185.99551 0
1685708031262 13629339185.40641 0
1685708031263 13317897399.359262 0
1685708031263 13166059609.138363 0
1685708031264 12823853214.336834 0
1685708031264 12649401047.747967 0
1685708031265 12560717137.591179 0
1685708031265 12035532913.012295 0
1685708031266 11878178976.004745 0
1685708031266 11848238982.008314 0
1685708031267 11768307663.759506 0
1685708031267 11501907202.50622 0
1685708031268 11261203116.671679 0
1685708031269 11053092504.81913 0
1685708031269 10906056009.311007 0
1685708031270 10736131429.400076 0
1685708031270 10701984951.761955 0
1685708031271 10533086728.7842 0
1685708031271 10331259999.91414 0
1685708031272 10270552591.96592 0
1685708031272 10201724142.83979 0
1685708031273 10008028108.526283 0
1685708031273 9025012028.19575 0
1685708031274 8855543976.003098 0
1685708031274 8833502888.643177 0
1685708031275 8712692427.6158 0
1685708031276 8618294442.38576 0
1685708031276 7920263596.090379 0
1685708031277 7828024878.018778 0
1685708031277 7738062418.141979 0
1685708031278 7628626250.392683 0
1685708031278 7551812365.327301 0
1685708031279 7545797499.127814 0
1685708031279 7456515891.9845495 0
1685708031280 7383445632.374649 0
1685708031280 7332157163.520398 0
1685708031281 7281967479.022236 0
1685708031281 7201590529.828108 0
1685708031282 7101598185.28898 0
1685708031282 7016224602.130781 0
1685708031283 6975047951.533307 0
1685708031284 6940742292.696807 0
1685708031284 6936774686.972735 0
1685708031285 6870399777.988417 0
1685708031285 6809396642.6142025 0
1685708031286 6749688190.327935 0
1685708031286 6699576183.451556 0
1685708031287 6672160517.17942 0
1685708031287 6577709548.369654 0
1685708031288 6540022793.449784 0
1685708031288 6518743046.182212 0
1685708031289 6475054923.761435 0
1685708031289 6412943774.296164 0
1685708031290 6339964026.9412365 0
1685708031290 6251409403.534925 0
1685708031291 6236053179.217084 0
1685708031291 6145962964.441516 0
1685708031292 6108379753.3103075 0
1685708031293 6046976168.955466 0
1685708031293 6004310255.697527 0
1685708031294 5951190651.811894 0
1685708031294 5931165140.153382 0
1685708031295 5911997145.8354645 0
1685708031295 5844777296.185028 0
1685708031296 5824834226.848111 0
1685708031296 5788098055.047366 0
1685708031297 5753847148.388605 0
1685708031297 5703779442.688384 0
1685708031298 5683721995.535098 0
1685708031298 5630713207.854293 0
1685708031299 5563780229.832881 0
1685708031300 5503385010.196327 0
1685708031300 5489873714.428333 0
1685708031301 5436930891.209799 0
1685708031301 5388702111.2743225 0
1685708031302 5355708062.335948 0
