1685647667486 252117789690.87567 0
1685647667487 220830294149.83926 0
1685647667487 195821646023.96384 0
1685647667488 174000838251.7834 0
1685647667488 154606671948.73163 0
1685647667489 139977379237.01083 0
1685647667489 127376097612.43784 0
1685647667490 116159782571.02213 0
1685647667490 106695754657.58409 0
1685647667491 98929817028.08273 0
1685647667491 92290594666.82903 0
1685647667492 86648187692.40367 0
1685647667492 81516710971.4247 0
1685647667493 77698348467.32437 0
1685647667493 74073867500.48122 0
1685647667494 70250369849.29205 0
1685647667494 67634763341.177734 0
1685647667495 64629125399.22437 0
1685647667495 62343133147.43303 0
1685647667496 60110209519.835625 0
1685647667496 58306194061.53679 0
1685647667497 56602553553.124504 0
1685647667497 55065055650.20358 0
1685647667498 53657954453.34421 0
1685647667498 52312268081.853325 0
1685647667499 51049663722.17202 0
1685647667499 49890194811.61394 0
1685647667500 48622061075.83576 0
1685647667500 47631885425.15958 0
1685647667501 46894226090.53165 0
1685647667501 46229127741.70705 0
1685647667502 45525162950.6241 0
1685647667502 44566287078.7059 0
1685647667503 43995563738.91841 0
1685647667503 43245110686.110085 0
1685647667504 42386923290.89176 0
1685647667504 41843513544.02921 0
1685647667505 41283479160.068436 0
1685647667505 40684898826.04428 0
1685647667506 40370442843.48052 0
1685647667506 39883073020.70059 0
1685647667507 39498786346.072174 0
1685647667507 39079733194.78279 0
1685647667508 38631221074.73467 0
1685647667508 38224287564.47069 0
1685647667508 37866626617.89885 0
1685647667509 37426858044.6845 0
1685647667509 37158551090.75839 0
1685647667510 36853669786.9287 0
1685647667510 36510792582.32015 0
1685647667511 36141204643.17296 0
1685647667511 35909677315.94481 0
1685647667512 35664298629.7608 0
1685647667512 35533658130.533226 0
1685647667513 35365547113.07776 0
1685647667513 35049299997.95372 0
1685647667514 34773403968.38121 0
1685647667514 34623143363.33151 0
1685647667515 34555432197.84435 0
1685647667515 34303677788.98077 0
1685647667516 34159504070.015564 0
1685647667516 34096249711.842747 0
1685647667517 33933728315.03448 0
1685647667517 33737404886.50986 0
1685647667518 33624520614.16317 0
1685647667518 33569123690.34698 0
1685647667519 33321234245.052414 0
1685647667519 33161301311.087128 0
1685647667520 32999936871.059505 0
1685647667520 32881030310.794 0
1685647667521 32692780902.99573 0
1685647667521 32598959830.32833 0
1685647667521 32358718382.210964 0
1685647667522 32137088719.152355 0
1685647667522 32033279812.651646 0
1685647667523 31872487986.340744 0
1685647667523 31820097356.2504 0
1685647667524 31704538431.403225 0
1685647667524 31542519602.922882 0
1685647667525 31509439532.773308 0
1685647667525 31335559907.84886 0
1685647667526 31256664518.34062 0
1685647667526 31187237526.40459 0
1685647667527 31098782505.23948 0
1685647667527 30855517810.437527 0
1685647667528 30722852170.57145 0
1685647667528 30682879413.96747 0
1685647667529 30584072227.831352 0
1685647667529 30554893451.548923 0
1685647667530 30477331043.63821 0
1685647667530 30413141456.57886 0
1685647667530 30242751292.81699 0
1685647667531 30200459434.19834 0
1685647667531 30062801296.225986 0
1685647667532 29959013052.045467 0
1685647667532 29929028959.112 0
1685647667533 29877297735.53671 0
1685647667533 29714679329.80188 0
1685647667534 29694643572.23177 0
1685647667534 29641390698.562405 0
