1685710467359 244925070525.34247 0
1685710467360 207884449627.8017 0
1685710467360 177582187352.8494 0
1685710467361 152601899748.33643 0
1685710467361 132530813282.06252 0
1685710467362 115936676804.87308 0
1685710467362 102081874789.47078 0
1685710467363 90955044696.90132 0
1685710467364 81433697403.08887 0
1685710467364 73332653359.56738 0
1685710467365 66538001743.47986 0
1685710467365 60978388947.215805 0
1685710467366 56038172723.48232 0
1685710467366 52026628344.91321 0
1685710467367 48614098762.672745 0
1685710467368 45652704514.00341 0
1685710467368 43213148590.80918 0
1685710467369 40693386703.76525 0
1685710467369 38773138023.307465 0
1685710467370 37021609352.177635 0
1685710467370 35463519510.562904 0
1685710467371 34049639898.67039 0
1685710467372 32941881755.573917 0
1685710467372 32029676424.34941 0
1685710467373 31023044699.008453 0
1685710467373 30196320809.653603 0
1685710467374 29281783323.036385 0
1685710467374 28554386356.557274 0
1685710467375 27906031042.693615 0
1685710467376 27441258723.24666 0
1685710467376 26829630009.99632 0
1685710467377 26274695610.201477 0
1685710467377 25715017133.24262 0
1685710467378 25266750174.718452 0
1685710467378 24843094451.7421 0
1685710467379 24456473383.811718 0
1685710467379 23996787831.503998 0
1685710467380 23731981838.453175 0
1685710467381 23380156794.835663 0
1685710467381 22997195428.728218 0
1685710467382 22723466978.811592 0
1685710467382 22222704361.028202 0
1685710467383 21976138641.513954 0
1685710467383 21871742114.52084 0
1685710467384 21535268797.836987 0
1685710467384 21351651599.973743 0
1685710467385 21062619731.164917 0
1685710467386 20920629916.276443 0
1685710467386 20840016015.965115 0
1685710467387 20686583165.30826 0
1685710467387 20471787187.12577 0
1685710467388 20324030735.93835 0
1685710467389 20102778907.84182 0
1685710467389 19593879196.17323 0
1685710467390 19488854106.535133 0
1685710467391 19152765670.07906 0
1685710467391 19007492401.732018 0
1685710467392 18823289022.074535 0
1685710467393 18715227364.783363 0
1685710467393 18643783730.14422 0
1685710467394 18365381925.30462 0
1685710467394 18165273840.2967 0
1685710467395 18088712524.250717 0
1685710467396 18033799003.68253 0
1685710467396 17872074555.6235 0
1685710467397 17797206594.243313 0
1685710467397 17480633973.092163 0
1685710467398 17441706050.064796 0
1685710467398 17365940281.774773 0
1685710467399 17336495022.088455 0
1685710467400 17271839381.561043 0
1685710467400 17188475925.430454 0
1685710467401 17009827526.73204 0
1685710467401 16980037769.782494 0
1685710467402 16776024575.723831 0
1685710467402 16752471504.376196 0
1685710467403 16669556716.279419 0
1685710467404 16614753753.609861 0
1685710467404 16543228062.83182 0
1685710467405 16456003806.887154 0
1685710467405 16339390123.983992 0
1685710467406 16121554418.32683 0
1685710467407 16035577741.687317 0
1685710467407 15989166893.368698 0
1685710467408 15852745658.218033 0
1685710467408 15830031654.715796 0
1685710467409 15583213133.048174 0
1685710467409 15501492931.830574 0
1685710467410 15428793855.6204 0
1685710467411 15368217311.100115 0
1685710467411 15340576368.214392 0
1685710467412 15270409692.10222 0
1685710467412 15237081069.250797 0
1685710467413 15226953442.356102 0
1685710467413 14648309600.1079 0
1685710467414 14587931838.784286 0
1685710467414 14551282154.513252 0
1685710467415 14450844926.465479 0
1685710467416 14434059913.25928 0
1685710467416 14318458299.918348 0
