1685710506512 266587517833.5379 0
1685710506513 245553075414.25693 0
1685710506513 226652103647.81027 0
1685710506514 209410313052.368 0
1685710506514 193922018973.08405 0
1685710506515 179653715356.58224 0
1685710506516 166770550836.6286 0
1685710506516 155166993797.23163 0
1685710506517 144573669198.54138 0
1685710506517 134836885557.72762 0
1685710506518 126176292146.64272 0
1685710506518 118335223412.06532 0
1685710506519 110981393133.41899 0
1685710506520 104467755925.26936 0
1685710506520 98260817212.70396 0
1685710506521 92628497487.59111 0
1685710506521 87511346109.36115 0
1685710506522 82914939690.70294 0
1685710506522 78584554704.68582 0
1685710506523 74632163257.0154 0
1685710506524 71023875009.1975 0
1685710506524 67772502555.87622 0
1685710506525 64761429898.72069 0
1685710506525 62076585151.37892 0
1685710506526 59497218795.879166 0
1685710506526 57146131150.48832 0
1685710506527 54938924383.33642 0
1685710506527 52911314784.7842 0
1685710506528 50990600501.407074 0
1685710506529 49209796112.7113 0
1685710506529 47623884705.11398 0
1685710506530 46118437237.76493 0
1685710506530 44701424019.09864 0
1685710506531 43487921556.27843 0
1685710506531 42293107998.80801 0
1685710506532 41169436883.092545 0
1685710506533 40079856250.159966 0
1685710506533 39145959198.04943 0
1685710506534 38207105145.45456 0
1685710506534 37406906311.81867 0
1685710506535 36582762866.77144 0
1685710506536 35857537782.9589 0
1685710506536 35195322211.96418 0
1685710506537 34488435299.24716 0
1685710506537 33827880400.915813 0
1685710506538 33217590143.956642 0
1685710506538 32700543808.73229 0
1685710506539 32184569684.853737 0
1685710506540 31723999078.65952 0
1685710506540 31256137269.93149 0
1685710506541 30834769979.81834 0
1685710506541 30382839910.248535 0
1685710506542 29951973062.943813 0
1685710506542 29594601761.12511 0
1685710506543 29200797239.954605 0
1685710506544 28840643974.079124 0
1685710506544 28545678566.022865 0
1685710506545 28216456692.15537 0
1685710506545 27906093511.43096 0
1685710506546 27585895730.82922 0
1685710506546 27301020170.669834 0
1685710506547 27043165583.32054 0
1685710506547 26804542396.387062 0
1685710506548 26535899502.714176 0
1685710506549 26298372663.190006 0
1685710506549 26047096162.789635 0
1685710506550 25810819565.45191 0
1685710506550 25586926758.268803 0
1685710506551 25299791350.862827 0
1685710506551 25106153232.224228 0
1685710506552 24887807238.680737 0
1685710506553 24721011003.625813 0
1685710506553 24584803853.51517 0
1685710506554 24429197748.069523 0
1685710506554 24243899248.366 0
1685710506555 24084976849.03622 0
1685710506555 23926244302.751526 0
1685710506556 23750007305.06082 0
1685710506557 23600793563.74443 0
1685710506557 23438733028.22517 0
1685710506558 23296621768.866467 0
1685710506558 23186729024.32415 0
1685710506559 22967325138.10105 0
1685710506559 22842136156.75591 0
1685710506560 22716710516.9492 0
1685710506560 22521208310.232018 0
1685710506561 22268744074.475628 0
1685710506562 22167162103.279133 0
1685710506562 22021336950.48903 0
1685710506563 21912099004.05937 0
1685710506563 21762513664.47209 0
1685710506564 21705753277.19492 0
1685710506564 21571417346.693306 0
1685710506565 21505756101.696205 0
1685710506566 21218253048.43819 0
1685710506566 21103801494.14327 0
1685710506567 21042850504.66841 0
1685710506567 20974499854.87977 0
1685710506568 20866760302.20317 0
1685710506568 20832358096.82291 0
