1685707959199 211212558521.27612 0
1685707959199 156897159725.546 0
1685707959200 122576114702.50478 0
1685707959201 98327680399.20746 0
1685707959201 81565910985.74791 0
1685707959202 69702002348.16643 0
1685707959202 61026560289.54038 0
1685707959203 55088188628.42406 0
1685707959203 49943940482.88824 0
1685707959204 46441331928.85598 0
1685707959204 42909442187.20873 0
1685707959205 40427379136.57015 0
1685707959205 38339152605.440285 0
1685707959206 36792682301.562 0
1685707959207 35235169624.59677 0
1685707959207 34224164559.37917 0
1685707959208 33326628346.231197 0
1685707959208 32385918305.533066 0
1685707959209 31705378950.906055 0
1685707959209 31040215744.826527 0
1685707959210 30085925835.90395 0
1685707959210 29746183152.42907 0
1685707959211 29151896902.574135 0
1685707959211 28531523941.65478 0
1685707959212 28054197516.390057 0
1685707959212 27799156373.783073 0
1685707959213 27617535709.72911 0
1685707959213 27323239594.762608 0
1685707959214 26923067052.979088 0
1685707959215 26783870657.62937 0
1685707959215 26500762393.788902 0
1685707959216 26305851084.38517 0
1685707959216 26091810887.5169 0
1685707959217 25647172468.499386 0
1685707959217 25198747841.86822 0
1685707959218 25120634547.806503 0
1685707959218 24763450481.208603 0
1685707959219 24522122659.516605 0
1685707959219 24427293242.277897 0
1685707959220 24386630115.97918 0
1685707959220 24149725405.203785 0
1685707959221 23988657155.76193 0
1685707959222 23945021272.018925 0
1685707959222 22861190034.75966 0
1685707959223 22681763707.347416 0
1685707959223 22525370529.09483 0
1685707959224 22041921112.941006 0
1685707959224 21367050590.43041 0
1685707959225 21157728126.026203 0
1685707959225 21038657864.695877 0
1685707959226 20994118138.65272 0
1685707959226 20912943712.62403 0
1685707959227 20612448750.359924 0
1685707959227 20578120655.548683 0
1685707959228 20488709526.410995 0
1685707959228 20339855212.92739 0
1685707959229 20131988796.57025 0
1685707959229 19677791403.331604 0
1685707959230 19358948535.08081 0
1685707959231 19252707781.97559 0
1685707959231 19170849678.690784 0
1685707959232 18865754618.656193 0
1685707959232 18728387773.648567 0
1685707959233 18620478761.133316 0
1685707959233 18542772905.387527 0
1685707959234 18350724665.526623 0
1685707959234 18257632709.298615 0
1685707959235 18112856080.153515 0
1685707959235 18068878967.261765 0
1685707959236 17718818704.9203 0
1685707959236 17678747346.17891 0
1685707959237 17659929618.147972 0
1685707959237 17622941670.077038 0
1685707959238 17593273575.508224 0
1685707959239 17529793543.622272 0
1685707959239 17459088118.996937 0
1685707959240 17282973300.08303 0
1685707959240 17138921475.966703 0
1685707959241 17112310981.004082 0
1685707959241 17099224940.554613 0
1685707959242 16979227007.821442 0
1685707959242 16843331890.87734 0
1685707959243 16735800596.476929 0
1685707959243 16708593679.782915 0
1685707959244 16629564565.92053 0
1685707959244 16611320720.075743 0
1685707959245 16602612725.93561 0
1685707959245 16551408344.46381 0
1685707959246 16411605563.671602 0
1685707959246 16374432416.886728 0
1685707959247 16177018997.975212 0
1685707959248 15999986693.620567 0
1685707959248 15888489199.770832 0
1685707959249 15759322954.292677 0
1685707959249 15624477586.353962 0
1685707959250 15519479887.09763 0
1685707959250 15459806722.411406 0
1685707959251 15414116837.908525 0
1685707959251 15285484227.978228 0
1685707959252 15168061361.949558 0
