1685649216391 266587517833.5379 0
1685649216392 245553075414.2569 0
1685649216392 226652103647.81027 0
1685649216393 209410313052.36798 0
1685649216394 193922018973.084 0
1685649216394 179653715356.5822 0
1685649216395 166770550836.62857 0
1685649216395 155166993797.2316 0
1685649216396 144573669198.54138 0
1685649216396 134836885557.7276 0
1685649216397 126176292146.64272 0
1685649216397 118335223412.06532 0
1685649216398 110981393133.41896 0
1685649216398 104467755925.26936 0
1685649216399 98260817212.70396 0
1685649216399 92628497487.59111 0
1685649216400 87511346109.36115 0
1685649216400 82914939690.70294 0
1685649216401 78584554704.68582 0
1685649216401 74632163257.0154 0
1685649216402 71023875009.19748 0
1685649216402 67772502555.87622 0
1685649216403 64761429898.72069 0
1685649216403 62076585151.37892 0
1685649216404 59497218795.879166 0
1685649216404 57146131150.48832 0
1685649216405 54938924383.336426 0
1685649216405 52911314784.78421 0
1685649216406 50990600501.407074 0
1685649216406 49209796112.7113 0
1685649216407 47623884705.11398 0
1685649216407 46118437237.76493 0
1685649216408 44701424019.09864 0
1685649216408 43487921556.27843 0
1685649216409 42293107998.80801 0
1685649216409 41169436883.092545 0
1685649216410 40079856250.15997 0
1685649216410 39145959198.04942 0
1685649216411 38207105145.45456 0
1685649216411 37406906311.81868 0
1685649216412 36582762866.77144 0
1685649216412 35857537782.95891 0
1685649216413 35195322211.96418 0
1685649216413 34488435299.24716 0
1685649216414 33827880400.915813 0
1685649216414 33217590143.95665 0
1685649216415 32700543808.732296 0
1685649216415 32184569684.85374 0
1685649216416 31723999078.659523 0
1685649216416 31256137269.931496 0
1685649216417 30834769979.81834 0
1685649216417 30382839910.248535 0
1685649216418 29951973062.943813 0
1685649216418 29594601761.12511 0
1685649216419 29200797239.954605 0
1685649216419 28840643974.079117 0
1685649216420 28545678566.02287 0
1685649216420 28216456692.155373 0
1685649216421 27906093511.43096 0
1685649216421 27585895730.829216 0
1685649216422 27301020170.669838 0
1685649216422 27043165583.32054 0
1685649216423 26804542396.387066 0
1685649216423 26535899502.714176 0
1685649216424 26298372663.190006 0
1685649216424 26047096162.78963 0
1685649216425 25810819565.45191 0
1685649216425 25586926758.268803 0
1685649216426 25299791350.862827 0
1685649216426 25106153232.224228 0
1685649216427 24887807238.68074 0
1685649216427 24721011003.625813 0
1685649216428 24584803853.51517 0
1685649216428 24429197748.069523 0
1685649216429 24243899248.366 0
1685649216429 24084976849.03622 0
1685649216430 23926244302.751526 0
1685649216430 23750007305.060825 0
1685649216431 23600793563.74443 0
1685649216431 23438733028.22517 0
1685649216432 23296621768.866474 0
1685649216432 23186729024.32415 0
1685649216433 22967325138.10105 0
1685649216433 22842136156.755905 0
1685649216434 22716710516.9492 0
1685649216434 22521208310.23202 0
1685649216435 22268744074.475628 0
1685649216435 22167162103.27913 0
1685649216436 22021336950.48903 0
1685649216436 21912099004.05937 0
1685649216437 21762513664.47209 0
1685649216437 21705753277.19492 0
1685649216438 21571417346.693306 0
1685649216438 21505756101.696205 0
1685649216439 21218253048.43819 0
1685649216439 21103801494.14327 0
1685649216440 21042850504.66841 0
1685649216440 20974499854.879765 0
1685649216441 20866760302.20317 0
1685649216441 20832358096.82291 0
