1685647724746 285097724463.3844 0
1685647724747 280838296673.4112 0
1685647724747 276661058949.8067 0
1685647724748 272563688460.9799 0
1685647724748 268549813967.2019 0
1685647724749 264507103023.08594 0
1685647724749 260544811293.6873 0
1685647724750 256758446492.91916 0
1685647724750 252946261085.1378 0
1685647724750 249273197955.78952 0
1685647724751 245605982652.26514 0
1685647724751 242094246072.26996 0
1685647724752 238638685090.65155 0
1685647724752 235229790483.53064 0
1685647724753 231906473465.99097 0
1685647724753 228625829553.08014 0
1685647724754 225407753139.05148 0
1685647724754 222228836046.53098 0
1685647724755 219149193294.6301 0
1685647724755 216048333014.80423 0
1685647724756 213043336931.75955 0
1685647724756 210116665673.67712 0
1685647724757 207254623663.72784 0
1685647724757 204419021871.72067 0
1685647724758 201660900971.0177 0
1685647724758 198883060870.07166 0
1685647724759 196238893861.87546 0
1685647724759 193596237341.54843 0
1685647724760 191041267875.18597 0
1685647724760 188535671046.33426 0
1685647724761 186033896935.32416 0
1685647724761 183511316674.9336 0
1685647724762 181127759159.88348 0
1685647724762 178798988838.6957 0
1685647724763 176506334213.7484 0
1685647724763 174189108529.57904 0
1685647724764 171971341657.03986 0
1685647724764 169790650752.9278 0
1685647724765 167635740192.6922 0
1685647724765 165552581871.1144 0
1685647724766 163501756444.75568 0
1685647724766 161413273700.00317 0
1685647724767 159421300784.45807 0
1685647724767 157480235843.92844 0
1685647724768 155496579331.7508 0
1685647724768 153639074120.24612 0
1685647724769 151799795195.95966 0
1685647724770 149996153545.99484 0
1685647724771 148217150103.6063 0
1685647724772 146394871988.4815 0
1685647724772 144703097416.74622 0
1685647724773 142968186215.2001 0
1685647724773 141309836532.0925 0
1685647724774 139631311955.35822 0
1685647724774 138025673806.3803 0
1685647724775 136472069080.8694 0
1685647724775 134885149306.88579 0
1685647724776 133251995663.3063 0
1685647724776 131749476307.93208 0
1685647724777 130242420481.04639 0
1685647724777 128705700804.02625 0
1685647724778 127319413884.16232 0
1685647724778 125838878981.8696 0
1685647724779 124455962655.65607 0
1685647724779 123054349296.34767 0
1685647724780 121752910296.60939 0
1685647724780 120381794679.83302 0
1685647724781 119039405677.51448 0
1685647724781 117737588741.92422 0
1685647724782 116456251884.22893 0
1685647724782 115208982637.33829 0
1685647724783 113953413433.69495 0
1685647724783 112732844264.45352 0
1685647724784 111543215852.47534 0
1685647724784 110386625619.63776 0
1685647724785 109245749603.76889 0
1685647724785 108101805387.24623 0
1685647724785 107005051095.13618 0
1685647724786 105928533887.70686 0
1685647724786 104841533290.70218 0
1685647724787 103784659012.95279 0
1685647724787 102769409100.83553 0
1685647724788 101768436765.12636 0
1685647724788 100749577811.60301 0
1685647724793 99782896299.3935 0
1685647724794 98809966849.33936 0
1685647724794 97875618824.11302 0
1685647724795 96963193374.39586 0
1685647724795 96031126406.37599 0
1685647724796 95153240618.27396 0
1685647724796 94283584639.928 0
1685647724797 93417086285.44043 0
1685647724797 92579112639.22847 0
1685647724798 91766060728.56956 0
1685647724798 90955953514.46153 0
1685647724799 90128525164.87225 0
1685647724799 89322929078.49734 0
1685647724800 88550784883.02397 0
1685647724800 87792703746.07465 0
1685647724801 87058657925.93912 0
