1685649231755 285097724463.3844 0
1685649231755 280838296673.4112 0
1685649231756 276661058949.8067 0
1685649231757 272563688460.9799 0
1685649231757 268549813967.2019 0
1685649231758 264507103023.08594 0
1685649231758 260544811293.68735 0
1685649231759 256758446492.9192 0
1685649231759 252946261085.13785 0
1685649231760 249273197955.78952 0
1685649231760 245605982652.26514 0
1685649231761 242094246072.26996 0
1685649231761 238638685090.65158 0
1685649231762 235229790483.53067 0
1685649231762 231906473465.991 0
1685649231763 228625829553.0802 0
1685649231763 225407753139.0515 0
1685649231764 222228836046.531 0
1685649231764 219149193294.63016 0
1685649231765 216048333014.8043 0
1685649231765 213043336931.75958 0
1685649231766 210116665673.67715 0
1685649231766 207254623663.72787 0
1685649231767 204419021871.72073 0
1685649231767 201660900971.01776 0
1685649231768 198883060870.0717 0
1685649231768 196238893861.87552 0
1685649231769 193596237341.5485 0
1685649231769 191041267875.186 0
1685649231770 188535671046.3343 0
1685649231770 186033896935.32422 0
1685649231771 183511316674.9336 0
1685649231771 181127759159.88354 0
1685649231772 178798988838.6957 0
1685649231772 176506334213.74847 0
1685649231773 174189108529.57904 0
1685649231773 171971341657.03986 0
1685649231774 169790650752.92783 0
1685649231775 167635740192.69226 0
1685649231775 165552581871.11447 0
1685649231776 163501756444.7557 0
1685649231776 161413273700.00323 0
1685649231777 159421300784.45807 0
1685649231777 157480235843.9285 0
1685649231778 155496579331.75082 0
1685649231778 153639074120.24615 0
1685649231779 151799795195.95966 0
1685649231779 149996153545.99487 0
1685649231780 148217150103.60632 0
1685649231780 146394871988.4815 0
1685649231781 144703097416.74622 0
1685649231781 142968186215.2001 0
1685649231782 141309836532.0925 0
1685649231782 139631311955.35825 0
1685649231783 138025673806.3803 0
1685649231783 136472069080.8694 0
1685649231784 134885149306.88579 0
1685649231784 133251995663.30632 0
1685649231785 131749476307.93208 0
1685649231785 130242420481.0464 0
1685649231786 128705700804.02626 0
1685649231786 127319413884.16235 0
1685649231787 125838878981.8696 0
1685649231787 124455962655.65608 0
1685649231788 123054349296.34769 0
1685649231788 121752910296.6094 0
1685649231789 120381794679.83305 0
1685649231789 119039405677.51451 0
1685649231790 117737588741.92422 0
1685649231790 116456251884.22896 0
1685649231791 115208982637.3383 0
1685649231791 113953413433.69498 0
1685649231792 112732844264.45355 0
1685649231792 111543215852.47534 0
1685649231793 110386625619.63779 0
1685649231793 109245749603.7689 0
1685649231794 108101805387.24623 0
1685649231794 107005051095.1362 0
1685649231795 105928533887.70688 0
1685649231795 104841533290.70218 0
1685649231796 103784659012.95279 0
1685649231796 102769409100.83553 0
1685649231797 101768436765.12637 0
1685649231797 100749577811.60301 0
1685649231798 99782896299.39351 0
1685649231798 98809966849.33936 0
1685649231799 97875618824.11302 0
1685649231800 96963193374.39586 0
1685649231800 96031126406.37599 0
1685649231801 95153240618.27396 0
1685649231801 94283584639.928 0
1685649231802 93417086285.44043 0
1685649231802 92579112639.22847 0
1685649231803 91766060728.56956 0
1685649231803 90955953514.46156 0
1685649231804 90128525164.87225 0
1685649231804 89322929078.49736 0
1685649231805 88550784883.02399 0
1685649231805 87792703746.07466 0
1685649231806 87058657925.93912 0
