1685708159952 284320408222.862 0
1685708159953 279323645755.30505 0
1685708159953 274426423724.4463 0
1685708159954 269622909432.6219 0
1685708159954 264915361060.81516 0
1685708159955 260279396809.7234 0
1685708159956 255723539870.9518 0
1685708159956 251256233147.9791 0
1685708159957 246875933485.7405 0
1685708159957 242574091387.31342 0
1685708159958 238370407604.8494 0
1685708159958 234224349356.2917 0
1685708159959 230194433211.57712 0
1685708159960 226194994568.65054 0
1685708159960 222314000206.74155 0
1685708159961 218468371409.86743 0
1685708159961 214714388094.89963 0
1685708159962 211061946627.97836 0
1685708159962 207425982442.25323 0
1685708159963 203858364248.64966 0
1685708159964 200372294178.9835 0
1685708159964 196980911527.7141 0
1685708159965 193607828966.80377 0
1685708159965 190312636412.66257 0
1685708159966 187110458559.82416 0
1685708159966 183959037551.48322 0
1685708159967 180850759236.80893 0
1685708159968 177805761310.79584 0
1685708159968 174817185025.32285 0
1685708159969 171903869803.59088 0
1685708159969 169026696375.11707 0
1685708159970 166202250975.45807 0
1685708159970 163397929187.42276 0
1685708159971 160681605095.33887 0
1685708159971 158043176651.78867 0
1685708159972 155446287105.49622 0
1685708159973 152885935561.6394 0
1685708159973 150391681170.84567 0
1685708159974 147934835690.5565 0
1685708159974 145518349333.63116 0
1685708159975 143149902306.507 0
1685708159975 140828553493.21924 0
1685708159976 138551069865.05154 0
1685708159977 136328699671.4795 0
1685708159977 134124026609.75735 0
1685708159978 131908451883.60237 0
1685708159978 129799441050.21805 0
1685708159979 127733185516.27321 0
1685708159979 125633227314.03557 0
1685708159980 123651609460.93752 0
1685708159980 121701227036.41118 0
1685708159981 119721990454.26288 0
1685708159981 117834884549.45284 0
1685708159982 115993356138.74638 0
1685708159983 114118991479.31909 0
1685708159983 112351619013.045 0
1685708159984 110611311981.48508 0
1685708159984 108841532781.14624 0
1685708159985 107173722122.17885 0
1685708159985 105532905754.70996 0
1685708159986 103861883720.75848 0
1685708159986 102279578858.15923 0
1685708159987 100736835415.42842 0
1685708159988 99152748727.61607 0
1685708159988 97662339585.68146 0
1685708159989 96124598687.83517 0
1685708159989 94696138498.47928 0
1685708159990 93219664462.08768 0
1685708159990 91839540097.57198 0
1685708159991 90493242473.44191 0
1685708159991 89096042644.25148 0
1685708159992 87785433806.94356 0
1685708159993 86442774743.40572 0
1685708159993 85184320205.20026 0
1685708159994 83887634342.77788 0
1685708159994 82683299103.003 0
1685708159995 81496147314.26009 0
1685708159995 80269564770.43275 0
1685708159996 79065675123.42123 0
1685708159996 77946948774.20547 0
1685708159997 76844728599.00517 0
1685708159998 75702558415.8388 0
1685708159998 74579733470.07826 0
1685708159999 73517730642.28223 0
1685708159999 72492226219.29674 0
1685708160000 71467137164.90141 0
1685708160000 70462133774.13231 0
1685708160001 69472400048.06708 0
1685708160001 68516358874.476204 0
1685708160002 67563793460.399574 0
1685708160002 66613138227.39192 0
1685708160003 65713528602.91169 0
1685708160004 64792927980.1488 0
1685708160004 63930984796.86006 0
1685708160005 63082126950.77666 0
1685708160005 62211797537.76657 0
1685708160006 61398174056.22938 0
1685708160006 60568361594.60162 0
1685708160007 59783462502.16616 0
1685708160007 59015592817.46213 0
