1685647685372 244925070525.34247 0
1685647685373 207884449627.8017 0
1685647685373 177582187352.84946 0
1685647685374 152601899748.33643 0
1685647685374 132530813282.06252 0
1685647685375 115936676804.87306 0
1685647685375 102081874789.47078 0
1685647685376 90955044696.90132 0
1685647685376 81433697403.08887 0
1685647685377 73332653359.56738 0
1685647685377 66538001743.479866 0
1685647685378 60978388947.21582 0
1685647685378 56038172723.48232 0
1685647685379 52026628344.91321 0
1685647685379 48614098762.672745 0
1685647685380 45652704514.00341 0
1685647685380 43213148590.80918 0
1685647685381 40693386703.76525 0
1685647685381 38773138023.307465 0
1685647685382 37021609352.17763 0
1685647685382 35463519510.56291 0
1685647685383 34049639898.67039 0
1685647685383 32941881755.573917 0
1685647685384 32029676424.34941 0
1685647685384 31023044699.00845 0
1685647685385 30196320809.653603 0
1685647685385 29281783323.036385 0
1685647685385 28554386356.557274 0
1685647685386 27906031042.693615 0
1685647685386 27441258723.24666 0
1685647685387 26829630009.99632 0
1685647685387 26274695610.201477 0
1685647685388 25715017133.24262 0
1685647685388 25266750174.718452 0
1685647685389 24843094451.742107 0
1685647685389 24456473383.81172 0
1685647685390 23996787831.503998 0
1685647685390 23731981838.45318 0
1685647685391 23380156794.835663 0
1685647685391 22997195428.728218 0
1685647685392 22723466978.811596 0
1685647685392 22222704361.028202 0
1685647685393 21976138641.513958 0
1685647685393 21871742114.52084 0
1685647685394 21535268797.836987 0
1685647685394 21351651599.973743 0
1685647685395 21062619731.164917 0
1685647685395 20920629916.276443 0
1685647685395 20840016015.965115 0
1685647685396 20686583165.30827 0
1685647685396 20471787187.12577 0
1685647685397 20324030735.93835 0
1685647685397 20102778907.84182 0
1685647685398 19593879196.17323 0
1685647685398 19488854106.535133 0
1685647685399 19152765670.079063 0
1685647685399 19007492401.732018 0
1685647685400 18823289022.074535 0
1685647685400 18715227364.783367 0
1685647685401 18643783730.144222 0
1685647685401 18365381925.304615 0
1685647685402 18165273840.2967 0
1685647685402 18088712524.250717 0
1685647685403 18033799003.68253 0
1685647685403 17872074555.6235 0
1685647685404 17797206594.24331 0
1685647685404 17480633973.092163 0
1685647685405 17441706050.064796 0
1685647685405 17365940281.774773 0
1685647685405 17336495022.088455 0
1685647685406 17271839381.56104 0
1685647685406 17188475925.430454 0
1685647685407 17009827526.73204 0
1685647685407 16980037769.782494 0
1685647685408 16776024575.723831 0
1685647685408 16752471504.376196 0
1685647685409 16669556716.279417 0
1685647685409 16614753753.60986 0
1685647685410 16543228062.83182 0
1685647685410 16456003806.887152 0
1685647685411 16339390123.98399 0
1685647685411 16121554418.326828 0
1685647685412 16035577741.687315 0
1685647685412 15989166893.368698 0
1685647685413 15852745658.218033 0
1685647685413 15830031654.715796 0
1685647685414 15583213133.048174 0
1685647685414 15501492931.830574 0
1685647685414 15428793855.6204 0
1685647685415 15368217311.100113 0
1685647685415 15340576368.214392 0
1685647685416 15270409692.10222 0
1685647685416 15237081069.250795 0
1685647685417 15226953442.3561 0
1685647685417 14648309600.107899 0
1685647685418 14587931838.784286 0
1685647685418 14551282154.513252 0
1685647685419 14450844926.465479 0
1685647685419 14434059913.259277 0
1685647685420 14318458299.918348 0
