1685710528420 264431021223.41187 0
1685710528420 241844201865.16464 0
1685710528421 221165161973.0138 0
1685710528421 202660422078.07544 0
1685710528422 185950796150.78455 0
1685710528423 170523842309.0889 0
1685710528423 156588136448.26675 0
1685710528424 143912253554.33673 0
1685710528424 132461848224.31215 0
1685710528425 122060511977.92403 0
1685710528426 112628479951.3021 0
1685710528426 104111938245.98532 0
1685710528427 96037029583.78094 0
1685710528427 89019289077.41873 0
1685710528428 82653069572.1966 0
1685710528429 76702033490.06912 0
1685710528429 71459931337.69879 0
1685710528430 66546982350.81281 0
1685710528430 62100252400.74967 0
1685710528431 58083882063.22516 0
1685710528431 54402014707.79478 0
1685710528432 50807989484.746124 0
1685710528433 47712896588.23995 0
1685710528433 44714289764.48931 0
1685710528434 42226083480.00559 0
1685710528434 39681939502.140755 0
1685710528435 37568477063.45968 0
1685710528435 35596329832.617035 0
1685710528436 33561449959.977978 0
1685710528437 31951219762.14161 0
1685710528437 30436763838.596573 0
1685710528438 29029935304.94705 0
1685710528438 27751004514.444084 0
1685710528439 26540384595.908047 0
1685710528439 25279195012.352207 0
1685710528440 24228805214.89949 0
1685710528441 23309268958.261093 0
1685710528441 22456405622.486362 0
1685710528442 21663177527.400013 0
1685710528442 20905490353.609653 0
1685710528443 20206236034.410202 0
1685710528443 19537012078.09891 0
1685710528444 18968700493.720024 0
1685710528445 18437948474.349834 0
1685710528445 17823407469.42208 0
1685710528446 17364053671.530407 0
1685710528446 16861403332.182024 0
1685710528447 16444917999.912325 0
1685710528447 16007463933.549974 0
1685710528448 15555389675.138165 0
1685710528449 15198098441.683016 0
1685710528449 14845807020.70503 0
1685710528450 14540649452.400537 0
1685710528450 14215802562.377392 0
1685710528451 13946788190.52083 0
1685710528452 13699254692.190376 0
1685710528452 13405258279.34614 0
1685710528453 13173452432.78878 0
1685710528453 12932140842.195562 0
1685710528454 12673894057.073822 0
1685710528454 12439616518.697079 0
1685710528455 12235973517.917608 0
1685710528455 12007440025.05109 0
1685710528456 11795089052.684612 0
1685710528457 11643341447.739922 0
1685710528457 11458159779.742353 0
1685710528458 11272768865.553785 0
1685710528458 11130389749.003962 0
1685710528459 10974882721.679668 0
1685710528459 10703810036.618532 0
1685710528460 10583823900.341784 0
1685710528461 10441616132.856598 0
1685710528461 10334660213.569456 0
1685710528462 10239013095.45538 0
1685710528462 10132551745.035318 0
1685710528463 9910059928.398977 0
1685710528463 9830471049.667803 0
1685710528464 9736287103.66962 0
1685710528465 9637249077.112038 0
1685710528465 9433005390.30819 0
1685710528466 9369107774.104412 0
1685710528466 9246698961.78631 0
1685710528467 9177404990.2444 0
1685710528467 9053429442.181154 0
1685710528468 8981650162.967463 0
1685710528469 8933191348.043007 0
1685710528469 8835486957.74547 0
1685710528470 8783220391.389364 0
1685710528470 8723949542.242779 0
1685710528471 8657019449.851036 0
1685710528471 8600600156.038723 0
1685710528472 8536641064.286771 0
1685710528473 8482198371.999932 0
1685710528473 8416927424.195219 0
1685710528474 8355988387.597632 0
1685710528474 8296713848.208899 0
1685710528475 8224679780.947951 0
1685710528475 8178330804.87653 0
1685710528476 8116053533.713049 0
1685710528477 8070410869.126678 0
