1685710438520 200863315504.88354 0
1685710438521 141869536978.11813 0
1685710438521 103140678382.19292 0
1685710438522 77438344360.45801 0
1685710438523 60311851441.487206 0
1685710438523 48668972092.31238 0
1685710438524 40549659107.64049 0
1685710438524 35143627813.755905 0
1685710438525 30771808779.660656 0
1685710438525 27074863830.178814 0
1685710438526 24477632983.567513 0
1685710438527 22514543883.153683 0
1685710438527 21139470929.6923 0
1685710438528 20060128768.313805 0
1685710438528 18802917841.62793 0
1685710438529 18055350837.606712 0
1685710438529 17483842621.317398 0
1685710438530 16658761198.488873 0
1685710438531 16041411383.203537 0
1685710438531 15648981822.78439 0
1685710438532 15275180258.574453 0
1685710438532 15043691655.099903 0
1685710438533 14551802120.924816 0
1685710438533 14112400211.61587 0
1685710438534 13742037185.995512 0
1685710438535 13629339185.40641 0
1685710438535 13317897399.359262 0
1685710438536 13166059609.138365 0
1685710438536 12823853214.336834 0
1685710438537 12649401047.747967 0
1685710438537 12560717137.591179 0
1685710438538 12035532913.012297 0
1685710438539 11878178976.004744 0
1685710438539 11848238982.008314 0
1685710438540 11768307663.759508 0
1685710438540 11501907202.506222 0
1685710438541 11261203116.671679 0
1685710438541 11053092504.819132 0
1685710438542 10906056009.311007 0
1685710438543 10736131429.400076 0
1685710438543 10701984951.761955 0
1685710438544 10533086728.784203 0
1685710438544 10331259999.91414 0
1685710438545 10270552591.965921 0
1685710438545 10201724142.83979 0
1685710438546 10008028108.526283 0
1685710438547 9025012028.195751 0
1685710438547 8855543976.003098 0
1685710438548 8833502888.643177 0
1685710438548 8712692427.6158 0
1685710438549 8618294442.385761 0
1685710438549 7920263596.09038 0
1685710438550 7828024878.018778 0
1685710438551 7738062418.141979 0
1685710438551 7628626250.392683 0
1685710438552 7551812365.327301 0
1685710438552 7545797499.127815 0
1685710438553 7456515891.9845495 0
1685710438553 7383445632.37465 0
1685710438554 7332157163.520398 0
1685710438554 7281967479.022237 0
1685710438555 7201590529.828107 0
1685710438556 7101598185.28898 0
1685710438556 7016224602.130781 0
1685710438557 6975047951.533307 0
1685710438557 6940742292.696807 0
1685710438558 6936774686.972735 0
1685710438558 6870399777.988418 0
1685710438559 6809396642.6142025 0
1685710438560 6749688190.327934 0
1685710438560 6699576183.451556 0
1685710438561 6672160517.17942 0
1685710438561 6577709548.369654 0
1685710438562 6540022793.449784 0
1685710438562 6518743046.182211 0
1685710438563 6475054923.761435 0
1685710438564 6412943774.296163 0
1685710438564 6339964026.9412365 0
1685710438565 6251409403.534923 0
1685710438565 6236053179.217083 0
1685710438566 6145962964.441516 0
1685710438566 6108379753.3103075 0
1685710438567 6046976168.955466 0
1685710438567 6004310255.697525 0
1685710438568 5951190651.811894 0
1685710438569 5931165140.153382 0
1685710438569 5911997145.8354645 0
1685710438570 5844777296.185028 0
1685710438570 5824834226.84811 0
1685710438571 5788098055.047366 0
1685710438571 5753847148.388604 0
1685710438572 5703779442.688384 0
1685710438572 5683721995.535097 0
1685710438573 5630713207.854293 0
1685710438574 5563780229.83288 0
1685710438574 5503385010.196326 0
1685710438575 5489873714.428332 0
1685710438575 5436930891.209799 0
1685710438576 5388702111.2743225 0
1685710438576 5355708062.335948 0
