1685647734196 284760554710.4673 0
1685647734196 280177402678.0138 0
1685647734197 275676879167.098 0
1685647734197 271262211446.31354 0
1685647734198 266943701175.46338 0
1685647734198 262694472022.1033 0
1685647734199 258531506211.23624 0
1685647734199 254393841982.7473 0
1685647734200 250338273737.38074 0
1685647734200 246363267191.3153 0
1685647734201 242465297625.35477 0
1685647734201 238686156739.86322 0
1685647734202 234936790649.94592 0
1685647734202 231270232880.46146 0
1685647734203 227704501670.388 0
1685647734203 224146797676.16898 0
1685647734204 220652739854.68045 0
1685647734204 217261052094.93442 0
1685647734205 213938237605.42377 0
1685647734205 210675298268.61993 0
1685647734206 207478317891.08478 0
1685647734206 204346127088.98215 0
1685647734207 201280387401.359 0
1685647734208 198273452438.21878 0
1685647734208 195310803186.1901 0
1685647734209 192419610426.18063 0
1685647734209 189574347305.0673 0
1685647734210 186763970633.33426 0
1685647734210 183992965536.4986 0
1685647734211 181305509600.8325 0
1685647734211 178657947277.54285 0
1685647734212 176053156904.12708 0
1685647734213 173546646436.59305 0
1685647734213 171072360491.71487 0
1685647734214 168627487100.16425 0
1685647734215 166231716584.55972 0
1685647734215 163870606083.00726 0
1685647734216 161539315513.7414 0
1685647734216 159301057732.0191 0
1685647734217 157078257126.94785 0
1685647734217 154886213685.35834 0
1685647734218 152718262098.651 0
1685647734218 150619499326.05728 0
1685647734219 148578329082.36084 0
1685647734220 146501042440.1716 0
1685647734220 144522807582.5189 0
1685647734221 142541764982.46918 0
1685647734221 140600550077.59668 0
1685647734222 138745872096.30258 0
1685647734222 136926915386.09956 0
1685647734223 135072113639.50308 0
1685647734223 133296072472.58728 0
1685647734224 131556332444.38313 0
1685647734224 129858365520.28024 0
1685647734225 128139278692.02759 0
1685647734226 126507725019.95746 0
1685647734226 124884542478.24876 0
1685647734227 123279132506.65015 0
1685647734227 121730454957.92975 0
1685647734228 120189976271.28471 0
1685647734228 118642419463.10138 0
1685647734229 117167811933.86967 0
1685647734229 115694987282.11385 0
1685647734230 114261224723.67696 0
1685647734230 112873001005.19058 0
1685647734231 111467840864.52713 0
1685647734231 110100340142.71068 0
1685647734232 108754658348.91151 0
1685647734232 107447896334.48409 0
1685647734233 106145512035.79944 0
1685647734233 104885237378.62093 0
1685647734234 103647857392.2298 0
1685647734234 102408039957.86536 0
1685647734235 101207071015.65256 0
1685647734235 100050882864.92598 0
1685647734236 98903313053.39662 0
1685647734236 97754100674.80931 0
1685647734237 96621723955.86118 0
1685647734237 95518335048.00462 0
1685647734238 94428130306.1128 0
1685647734238 93376369020.87585 0
1685647734239 92314333636.24576 0
1685647734239 91290727877.22566 0
1685647734240 90291882351.30508 0
1685647734240 89291285095.03162 0
1685647734241 88324046651.26569 0
1685647734241 87368122802.75945 0
1685647734242 86396683108.18655 0
1685647734242 85479760705.20143 0
1685647734243 84548764251.80757 0
1685647734243 83665106477.6071 0
1685647734244 82768977045.0484 0
1685647734244 81899246385.32487 0
1685647734245 81032516939.85019 0
1685647734245 80195597127.55292 0
1685647734246 79367997263.54428 0
1685647734246 78559648737.21645 0
1685647734247 77755766495.84018 0
1685647734247 76978209789.25014 0
1685647734248 76216555546.45985 0
