1685649206626 268239480190.7952 0
1685649206627 248455482826.3955 0
1685649206627 230947286355.2379 0
1685649206628 214888301451.17316 0
1685649206628 200347228535.25034 0
1685649206629 186930495264.93155 0
1685649206629 174761478784.02338 0
1685649206630 163775375779.66446 0
1685649206630 153794885609.45306 0
1685649206631 144749282090.90958 0
1685649206631 136074387636.75552 0
1685649206632 128472979891.26054 0
1685649206632 121173371690.94145 0
1685649206633 114446210193.39716 0
1685649206633 108429428518.394 0
1685649206634 103191460765.81023 0
1685649206634 98192658409.96577 0
1685649206635 93714212667.85703 0
1685649206635 89579915932.8277 0
1685649206636 85676240761.51729 0
1685649206636 82207025229.07755 0
1685649206637 78954172963.9911 0
1685649206637 75887043201.81343 0
1685649206638 73078767773.64442 0
1685649206638 70535871308.11572 0
1685649206639 68149183162.663284 0
1685649206639 65856647714.64526 0
1685649206640 63801853719.353806 0
1685649206640 61917806127.253334 0
1685649206641 60250216864.29897 0
1685649206641 58593734073.771805 0
1685649206642 57134445335.53515 0
1685649206642 55823291157.56873 0
1685649206643 54567932328.30372 0
1685649206643 53341213237.855316 0
1685649206644 52177197053.85178 0
1685649206644 50949105378.98112 0
1685649206645 49885887460.859665 0
1685649206645 48890129142.80299 0
1685649206646 47996695099.91627 0
1685649206646 47106818908.70041 0
1685649206647 46312822076.71599 0
1685649206647 45507896287.52714 0
1685649206648 44681066469.95416 0
1685649206648 43887342648.47835 0
1685649206649 43138058182.21321 0
1685649206649 42466384629.1995 0
1685649206650 41849280866.69843 0
1685649206650 41251069094.42847 0
1685649206651 40705926611.08812 0
1685649206651 40149619830.37391 0
1685649206652 39620558585.85992 0
1685649206652 39113750887.052444 0
1685649206653 38600357905.19319 0
1685649206653 38206396714.56959 0
1685649206654 37789124890.439285 0
1685649206654 37270244609.648964 0
1685649206655 36847828962.720604 0
1685649206655 36418665036.66498 0
1685649206656 36078170181.90016 0
1685649206656 35648374823.47533 0
1685649206657 35313887896.94244 0
1685649206657 34932382688.80943 0
1685649206658 34630928892.541336 0
1685649206658 34374460232.44612 0
1685649206659 34086104645.433037 0
1685649206659 33769570628.45683 0
1685649206660 33528513112.6475 0
1685649206660 33231804096.347782 0
1685649206661 32996400400.52964 0
1685649206661 32735638749.35919 0
1685649206662 32512494098.4889 0
1685649206662 32296389074.94226 0
1685649206663 32005188743.879307 0
1685649206663 31788349036.49269 0
1685649206664 31605327584.719086 0
1685649206664 31418925446.838333 0
1685649206665 31177230121.552414 0
1685649206665 31074329219.142635 0
1685649206666 30906183423.07288 0
1685649206666 30668486041.48739 0
1685649206667 30526835452.44378 0
1685649206667 30396349566.830162 0
1685649206668 30261856786.835705 0
1685649206668 30068158668.06316 0
1685649206669 29896433197.2907 0
1685649206669 29839937108.84034 0
1685649206670 29728862811.701786 0
1685649206670 29541609432.62986 0
1685649206671 29420412486.319897 0
1685649206671 29372374871.9433 0
1685649206672 29237276869.029243 0
1685649206672 29076663459.648415 0
1685649206673 29011755464.541004 0
1685649206673 28881358012.786896 0
1685649206674 28714772256.908394 0
1685649206674 28666756589.48311 0
1685649206675 28597649009.340176 0
1685649206675 28523864996.097763 0
1685649206676 28442465922.617188 0
