1685649841354 284760554710.4673 0
1685649841354 280177402678.0138 0
1685649841355 275676879167.09796 0
1685649841355 271262211446.31354 0
1685649841356 266943701175.46338 0
1685649841356 262694472022.10327 0
1685649841357 258531506211.23624 0
1685649841358 254393841982.7473 0
1685649841358 250338273737.3807 0
1685649841359 246363267191.3153 0
1685649841359 242465297625.35477 0
1685649841360 238686156739.8632 0
1685649841360 234936790649.9459 0
1685649841361 231270232880.46146 0
1685649841361 227704501670.388 0
1685649841362 224146797676.16898 0
1685649841362 220652739854.68045 0
1685649841363 217261052094.9344 0
1685649841363 213938237605.42377 0
1685649841364 210675298268.61993 0
1685649841364 207478317891.08472 0
1685649841365 204346127088.9821 0
1685649841365 201280387401.35898 0
1685649841366 198273452438.21872 0
1685649841366 195310803186.1901 0
1685649841367 192419610426.18063 0
1685649841367 189574347305.0673 0
1685649841368 186763970633.33417 0
1685649841369 183992965536.4986 0
1685649841369 181305509600.8325 0
1685649841370 178657947277.54282 0
1685649841370 176053156904.12708 0
1685649841371 173546646436.59305 0
1685649841371 171072360491.71487 0
1685649841372 168627487100.1642 0
1685649841372 166231716584.5597 0
1685649841373 163870606083.00726 0
1685649841373 161539315513.7414 0
1685649841374 159301057732.0191 0
1685649841374 157078257126.94785 0
1685649841375 154886213685.35834 0
1685649841375 152718262098.65103 0
1685649841376 150619499326.05725 0
1685649841376 148578329082.36084 0
1685649841377 146501042440.1716 0
1685649841377 144522807582.5189 0
1685649841378 142541764982.46918 0
1685649841378 140600550077.59668 0
1685649841379 138745872096.30258 0
1685649841380 136926915386.09956 0
1685649841380 135072113639.50308 0
1685649841381 133296072472.58727 0
1685649841381 131556332444.38313 0
1685649841382 129858365520.28024 0
1685649841382 128139278692.02759 0
1685649841383 126507725019.95746 0
1685649841383 124884542478.24876 0
1685649841384 123279132506.65015 0
1685649841384 121730454957.92975 0
1685649841385 120189976271.28471 0
1685649841385 118642419463.10138 0
1685649841386 117167811933.86967 0
1685649841386 115694987282.11385 0
1685649841387 114261224723.67696 0
1685649841387 112873001005.19058 0
1685649841388 111467840864.52715 0
1685649841388 110100340142.71068 0
1685649841389 108754658348.91151 0
1685649841389 107447896334.48409 0
1685649841390 106145512035.79944 0
1685649841391 104885237378.62091 0
1685649841391 103647857392.2298 0
1685649841392 102408039957.86536 0
1685649841392 101207071015.65256 0
1685649841393 100050882864.92598 0
1685649841393 98903313053.39662 0
1685649841394 97754100674.80931 0
1685649841394 96621723955.86116 0
1685649841395 95518335048.00464 0
1685649841395 94428130306.11278 0
1685649841396 93376369020.87585 0
1685649841396 92314333636.24576 0
1685649841397 91290727877.22568 0
1685649841397 90291882351.30508 0
1685649841398 89291285095.03162 0
1685649841398 88324046651.26569 0
1685649841399 87368122802.75945 0
1685649841399 86396683108.18655 0
1685649841400 85479760705.20146 0
1685649841401 84548764251.80757 0
1685649841401 83665106477.6071 0
1685649841402 82768977045.0484 0
1685649841402 81899246385.32487 0
1685649841403 81032516939.85019 0
1685649841403 80195597127.55292 0
1685649841404 79367997263.5443 0
1685649841404 78559648737.21645 0
1685649841405 77755766495.84018 0
1685649841405 76978209789.25014 0
1685649841406 76216555546.45985 0
