1685710489180 240722666874.84048 0
1685710489181 200946218075.53864 0
1685710489181 168079249654.79083 0
1685710489182 141172906262.5734 0
1685710489183 119473328406.17342 0
1685710489183 101482299734.73463 0
1685710489184 86663050874.79085 0
1685710489184 74729497339.64279 0
1685710489185 65016439906.73126 0
1685710489185 56311562321.064285 0
1685710489186 49301699422.95167 0
1685710489187 43256854109.074356 0
1685710489187 38530176570.245735 0
1685710489188 34499167913.25868 0
1685710489188 31142295899.95688 0
1685710489189 28289871730.862827 0
1685710489189 25923174373.820663 0
1685710489190 23812350503.328064 0
1685710489191 22066193196.619232 0
1685710489191 20686533920.105892 0
1685710489192 19357130983.373604 0
1685710489192 18230715411.47868 0
1685710489193 17263901147.038868 0
1685710489193 16413144509.822731 0
1685710489194 15697718747.974182 0
1685710489195 15081274535.33409 0
1685710489195 14491651185.325106 0
1685710489196 14022436306.277748 0
1685710489196 13608372304.903746 0
1685710489197 13115712865.594849 0
1685710489197 12681786684.108679 0
1685710489198 12328012389.312584 0
1685710489199 12004353896.748217 0
1685710489199 11591190945.65846 0
1685710489200 11338489191.173368 0
1685710489200 11119701380.46736 0
1685710489201 10834564851.473135 0
1685710489201 10617407261.19813 0
1685710489202 10292523747.368326 0
1685710489202 9776198223.720112 0
1685710489203 9616514817.997683 0
1685710489204 9442263926.507338 0
1685710489204 9203224756.117022 0
1685710489205 8976269823.58003 0
1685710489205 8823878190.16747 0
1685710489206 8718430082.157866 0
1685710489206 8607754365.93838 0
1685710489207 8476027099.590246 0
1685710489208 8411293773.783985 0
1685710489208 8319083687.246614 0
1685710489209 8247404430.534786 0
1685710489209 8056944375.792685 0
1685710489210 7990217603.189915 0
1685710489210 7894402816.681093 0
1685710489211 7800833481.975603 0
1685710489212 7728183083.759103 0
1685710489212 7638421438.49914 0
1685710489213 7597351665.741342 0
1685710489213 7546538595.518923 0
1685710489214 7402593968.813191 0
1685710489214 7377797386.073218 0
1685710489215 7285097642.730615 0
1685710489216 7247867598.02367 0
1685710489216 7212546576.261366 0
1685710489217 7166247779.613071 0
1685710489217 7126374697.00169 0
1685710489218 7056853615.161129 0
1685710489218 6914942922.840799 0
1685710489219 6881559818.570458 0
1685710489220 6853814230.763791 0
1685710489220 6764308166.785703 0
1685710489221 6756490221.5654745 0
1685710489221 6711531237.488447 0
1685710489222 6646571679.529491 0
1685710489222 6569848090.5686455 0
1685710489223 6522509504.827271 0
1685710489224 6506548899.761873 0
1685710489224 6483514839.291445 0
1685710489225 6428138526.324863 0
1685710489225 6416394157.125176 0
1685710489226 6136686807.151479 0
1685710489226 6114939932.134272 0
1685710489227 6103411294.263117 0
1685710489227 6049963345.2325535 0
1685710489228 6020473157.178572 0
1685710489229 5973580187.383225 0
1685710489229 5932695621.620237 0
1685710489230 5925390319.493421 0
1685710489230 5855558686.6837 0
1685710489231 5812540794.055998 0
1685710489231 5781559471.786038 0
1685710489232 5728880941.797629 0
1685710489233 5719629464.008337 0
1685710489233 5709193462.530127 0
1685710489234 5671600027.347213 0
1685710489234 5660043439.060257 0
1685710489235 5621610952.194519 0
1685710489235 5569372742.495696 0
1685710489236 5529927572.877044 0
1685710489237 5480929747.685961 0
