1685708059915 244925070525.34247 0
1685708059915 207884449627.8017 0
1685708059916 177582187352.84946 0
1685708059917 152601899748.33643 0
1685708059917 132530813282.06255 0
1685708059918 115936676804.8731 0
1685708059918 102081874789.47078 0
1685708059919 90955044696.90132 0
1685708059920 81433697403.08887 0
1685708059920 73332653359.5674 0
1685708059921 66538001743.479866 0
1685708059921 60978388947.21581 0
1685708059922 56038172723.48232 0
1685708059922 52026628344.913216 0
1685708059923 48614098762.672745 0
1685708059923 45652704514.00341 0
1685708059924 43213148590.80918 0
1685708059925 40693386703.76525 0
1685708059925 38773138023.307465 0
1685708059926 37021609352.177635 0
1685708059926 35463519510.56291 0
1685708059927 34049639898.67039 0
1685708059927 32941881755.573917 0
1685708059928 32029676424.34941 0
1685708059928 31023044699.008453 0
1685708059929 30196320809.653603 0
1685708059929 29281783323.036385 0
1685708059930 28554386356.557274 0
1685708059931 27906031042.693615 0
1685708059931 27441258723.24666 0
1685708059932 26829630009.996315 0
1685708059932 26274695610.201477 0
1685708059933 25715017133.24262 0
1685708059933 25266750174.718452 0
1685708059934 24843094451.742107 0
1685708059934 24456473383.811718 0
1685708059935 23996787831.503998 0
1685708059936 23731981838.453175 0
1685708059936 23380156794.835663 0
1685708059937 22997195428.728218 0
1685708059937 22723466978.811592 0
1685708059938 22222704361.028202 0
1685708059938 21976138641.513954 0
1685708059939 21871742114.52084 0
1685708059939 21535268797.836987 0
1685708059940 21351651599.973743 0
1685708059941 21062619731.164925 0
1685708059941 20920629916.276443 0
1685708059942 20840016015.965115 0
1685708059942 20686583165.30827 0
1685708059943 20471787187.125767 0
1685708059943 20324030735.93835 0
1685708059944 20102778907.84182 0
1685708059944 19593879196.17323 0
1685708059945 19488854106.535133 0
1685708059945 19152765670.079063 0
1685708059946 19007492401.732018 0
1685708059947 18823289022.074535 0
1685708059947 18715227364.783363 0
1685708059948 18643783730.14422 0
1685708059948 18365381925.304615 0
1685708059949 18165273840.2967 0
1685708059949 18088712524.250717 0
1685708059950 18033799003.68253 0
1685708059950 17872074555.6235 0
1685708059951 17797206594.24331 0
1685708059951 17480633973.092163 0
1685708059952 17441706050.064796 0
1685708059953 17365940281.774776 0
1685708059953 17336495022.088455 0
1685708059954 17271839381.56104 0
1685708059954 17188475925.430454 0
1685708059955 17009827526.73204 0
1685708059955 16980037769.782492 0
1685708059956 16776024575.72383 0
1685708059956 16752471504.376196 0
1685708059957 16669556716.27942 0
1685708059957 16614753753.609861 0
1685708059958 16543228062.831821 0
1685708059959 16456003806.887152 0
1685708059959 16339390123.983992 0
1685708059960 16121554418.326828 0
1685708059960 16035577741.687315 0
1685708059961 15989166893.368698 0
1685708059961 15852745658.218033 0
1685708059962 15830031654.715796 0
1685708059962 15583213133.048174 0
1685708059963 15501492931.830576 0
1685708059963 15428793855.620398 0
1685708059964 15368217311.100113 0
1685708059965 15340576368.21439 0
1685708059965 15270409692.10222 0
1685708059966 15237081069.250795 0
1685708059966 15226953442.356104 0
1685708059967 14648309600.1079 0
1685708059967 14587931838.784285 0
1685708059968 14551282154.513252 0
1685708059968 14450844926.465479 0
1685708059969 14434059913.259277 0
1685708059969 14318458299.918348 0
