1685647716676 285513897402.0152 0
1685647716677 281706002731.8211 0
1685647716677 277973885165.5639 0
1685647716678 274312529116.66888 0
1685647716678 270620123362.0649 0
1685647716679 267096722705.01553 0
1685647716679 263542641887.4873 0
1685647716680 260057757102.90366 0
1685647716680 256712031700.71576 0
1685647716681 253426621662.25723 0
1685647716681 250132709025.88736 0
1685647716682 246968729018.20264 0
1685647716682 243851287598.8541 0
1685647716683 240794161602.82886 0
1685647716683 237734764200.7911 0
1685647716684 234795069021.67386 0
1685647716684 231848731497.61566 0
1685647716685 228935216935.51376 0
1685647716685 226094123759.5744 0
1685647716686 223287059845.85535 0
1685647716686 220624988873.1403 0
1685647716687 217932246147.97964 0
1685647716687 215367854711.63272 0
1685647716688 212812683771.2986 0
1685647716688 210282076856.59393 0
1685647716689 207829600079.15787 0
1685647716690 205425119484.88528 0
1685647716690 203027918299.80817 0
1685647716691 200704913114.97372 0
1685647716691 198360100264.29697 0
1685647716692 196087472064.41306 0
1685647716692 193669773905.75568 0
1685647716693 191449677343.94772 0
1685647716694 189347857486.74805 0
1685647716694 187231213883.93353 0
1685647716695 184972829078.44574 0
1685647716695 182959167012.32257 0
1685647716696 180804021435.4257 0
1685647716696 178668656789.67642 0
1685647716697 176706986462.2671 0
1685647716697 174819997717.17685 0
1685647716698 172927478635.6985 0
1685647716698 170929429206.91684 0
1685647716699 169151295341.91333 0
1685647716699 167356930097.98724 0
1685647716700 165590286875.49393 0
1685647716701 163849333174.6628 0
1685647716701 162013405682.35446 0
1685647716702 160364254648.9846 0
1685647716702 158598862489.43668 0
1685647716703 156990535686.96823 0
1685647716703 155392895303.81732 0
1685647716704 153716406810.27652 0
1685647716704 152169997290.74805 0
1685647716705 150567137598.9091 0
1685647716705 149120222363.2068 0
1685647716706 147670097988.10208 0
1685647716706 146215386731.95517 0
1685647716707 144706071348.79202 0
1685647716707 143355100290.6879 0
1685647716708 141982290916.90732 0
1685647716708 140582098701.00552 0
1685647716709 139179673643.67102 0
1685647716710 137884270149.66434 0
1685647716710 136544503087.68063 0
1685647716711 135295247415.71341 0
1685647716711 134009075518.86658 0
1685647716712 132813700205.638 0
1685647716712 131572290607.52289 0
1685647716712 130396479288.10515 0
1685647716713 129191067548.53214 0
1685647716713 128056041330.16159 0
1685647716714 126900114906.18828 0
1685647716714 125801165709.89525 0
1685647716715 124660241590.29596 0
1685647716715 123598990138.452 0
1685647716716 122561132882.9947 0
1685647716716 121492918218.88892 0
1685647716717 120488901474.44016 0
1685647716717 119433699442.1285 0
1685647716718 118464466615.5104 0
1685647716718 117468587181.87347 0
1685647716719 116526388899.94627 0
1685647716720 115564362006.07161 0
1685647716720 114639589094.4586 0
1685647716721 113695874167.78853 0
1685647716721 112816905497.80678 0
1685647716722 111910474453.09926 0
1685647716722 111053794560.73605 0
1685647716723 110169290172.0687 0
1685647716723 109329831225.15508 0
1685647716724 108505537759.50557 0
1685647716724 107684567671.81525 0
1685647716724 106887138558.05675 0
1685647716725 106065861993.42651 0
1685647716725 105276856452.3818 0
1685647716726 104510132057.8447 0
1685647716726 103769345538.5965 0
1685647716727 103023170170.47905 0
1685647716727 102284195816.59985 0
