1685708120609 264431021223.41187 0
1685708120610 241844201865.16464 0
1685708120610 221165161973.0138 0
1685708120611 202660422078.07544 0
1685708120611 185950796150.78455 0
1685708120612 170523842309.0889 0
1685708120612 156588136448.26675 0
1685708120613 143912253554.33673 0
1685708120613 132461848224.31215 0
1685708120614 122060511977.92403 0
1685708120615 112628479951.3021 0
1685708120615 104111938245.9853 0
1685708120616 96037029583.78094 0
1685708120616 89019289077.41873 0
1685708120617 82653069572.19658 0
1685708120617 76702033490.06912 0
1685708120618 71459931337.69879 0
1685708120619 66546982350.812805 0
1685708120619 62100252400.74967 0
1685708120620 58083882063.22516 0
1685708120620 54402014707.794785 0
1685708120621 50807989484.746124 0
1685708120621 47712896588.23995 0
1685708120622 44714289764.48931 0
1685708120622 42226083480.00559 0
1685708120623 39681939502.140755 0
1685708120624 37568477063.45968 0
1685708120624 35596329832.617035 0
1685708120625 33561449959.97798 0
1685708120625 31951219762.141605 0
1685708120626 30436763838.596573 0
1685708120626 29029935304.94705 0
1685708120627 27751004514.444096 0
1685708120627 26540384595.908043 0
1685708120628 25279195012.352207 0
1685708120629 24228805214.89949 0
1685708120629 23309268958.26109 0
1685708120630 22456405622.486362 0
1685708120630 21663177527.400013 0
1685708120631 20905490353.609653 0
1685708120631 20206236034.410202 0
1685708120632 19537012078.09891 0
1685708120632 18968700493.720024 0
1685708120633 18437948474.349834 0
1685708120634 17823407469.42208 0
1685708120634 17364053671.530407 0
1685708120635 16861403332.182024 0
1685708120635 16444917999.912329 0
1685708120636 16007463933.549974 0
1685708120636 15555389675.138165 0
1685708120637 15198098441.683016 0
1685708120637 14845807020.70503 0
1685708120638 14540649452.400537 0
1685708120638 14215802562.377398 0
1685708120639 13946788190.520828 0
1685708120640 13699254692.190378 0
1685708120640 13405258279.346138 0
1685708120641 13173452432.78878 0
1685708120641 12932140842.195562 0
1685708120642 12673894057.073822 0
1685708120642 12439616518.697077 0
1685708120643 12235973517.917608 0
1685708120643 12007440025.05109 0
1685708120644 11795089052.684612 0
1685708120644 11643341447.739923 0
1685708120645 11458159779.742353 0
1685708120646 11272768865.55379 0
1685708120646 11130389749.003963 0
1685708120647 10974882721.67967 0
1685708120647 10703810036.618532 0
1685708120648 10583823900.341784 0
1685708120649 10441616132.856598 0
1685708120649 10334660213.569456 0
1685708120650 10239013095.455381 0
1685708120650 10132551745.035318 0
1685708120651 9910059928.398977 0
1685708120652 9830471049.667803 0
1685708120652 9736287103.66962 0
1685708120653 9637249077.112038 0
1685708120653 9433005390.30819 0
1685708120654 9369107774.10441 0
1685708120654 9246698961.786312 0
1685708120655 9177404990.244402 0
1685708120655 9053429442.181154 0
1685708120656 8981650162.967463 0
1685708120657 8933191348.043009 0
1685708120657 8835486957.745472 0
1685708120658 8783220391.389364 0
1685708120658 8723949542.242779 0
1685708120659 8657019449.851038 0
1685708120659 8600600156.038723 0
1685708120660 8536641064.286771 0
1685708120660 8482198371.999934 0
1685708120661 8416927424.19522 0
1685708120662 8355988387.597633 0
1685708120662 8296713848.2088995 0
1685708120663 8224679780.947951 0
1685708120663 8178330804.876531 0
1685708120664 8116053533.713049 0
1685708120664 8070410869.126679 0
