1685649223493 285513897402.0152 0
1685649223493 281706002731.82117 0
1685649223494 277973885165.5639 0
1685649223495 274312529116.66888 0
1685649223495 270620123362.06494 0
1685649223496 267096722705.01556 0
1685649223496 263542641887.48734 0
1685649223497 260057757102.9037 0
1685649223497 256712031700.71576 0
1685649223498 253426621662.25723 0
1685649223498 250132709025.8874 0
1685649223499 246968729018.20267 0
1685649223499 243851287598.8541 0
1685649223500 240794161602.82886 0
1685649223502 237734764200.7911 0
1685649223503 234795069021.67386 0
1685649223504 231848731497.61566 0
1685649223504 228935216935.51376 0
1685649223505 226094123759.5744 0
1685649223505 223287059845.85535 0
1685649223506 220624988873.14026 0
1685649223506 217932246147.97964 0
1685649223507 215367854711.63272 0
1685649223507 212812683771.2986 0
1685649223508 210282076856.59393 0
1685649223508 207829600079.15787 0
1685649223509 205425119484.88528 0
1685649223509 203027918299.8082 0
1685649223510 200704913114.97375 0
1685649223510 198360100264.29697 0
1685649223511 196087472064.41306 0
1685649223511 193669773905.7557 0
1685649223512 191449677343.94775 0
1685649223512 189347857486.74808 0
1685649223513 187231213883.93356 0
1685649223513 184972829078.4458 0
1685649223514 182959167012.3226 0
1685649223514 180804021435.42575 0
1685649223515 178668656789.67642 0
1685649223515 176706986462.2671 0
1685649223516 174819997717.17688 0
1685649223516 172927478635.6985 0
1685649223517 170929429206.91684 0
1685649223517 169151295341.91333 0
1685649223518 167356930097.98724 0
1685649223518 165590286875.49396 0
1685649223519 163849333174.6628 0
1685649223520 162013405682.35452 0
1685649223520 160364254648.98462 0
1685649223521 158598862489.43674 0
1685649223521 156990535686.96823 0
1685649223522 155392895303.81738 0
1685649223522 153716406810.27658 0
1685649223523 152169997290.74808 0
1685649223523 150567137598.90918 0
1685649223524 149120222363.20685 0
1685649223524 147670097988.10214 0
1685649223525 146215386731.95523 0
1685649223525 144706071348.79208 0
1685649223526 143355100290.68793 0
1685649223526 141982290916.90735 0
1685649223527 140582098701.00555 0
1685649223527 139179673643.67105 0
1685649223528 137884270149.66437 0
1685649223528 136544503087.68065 0
1685649223529 135295247415.71344 0
1685649223529 134009075518.8666 0
1685649223530 132813700205.63803 0
1685649223530 131572290607.52292 0
1685649223531 130396479288.10515 0
1685649223531 129191067548.53215 0
1685649223532 128056041330.16159 0
1685649223532 126900114906.18831 0
1685649223533 125801165709.89526 0
1685649223533 124660241590.29597 0
1685649223534 123598990138.452 0
1685649223534 122561132882.9947 0
1685649223535 121492918218.88892 0
1685649223535 120488901474.44019 0
1685649223536 119433699442.12851 0
1685649223536 118464466615.51044 0
1685649223537 117468587181.87347 0
1685649223537 116526388899.94627 0
1685649223538 115564362006.07161 0
1685649223538 114639589094.45863 0
1685649223539 113695874167.78854 0
1685649223539 112816905497.80681 0
1685649223540 111910474453.09927 0
1685649223540 111053794560.73607 0
1685649223541 110169290172.0687 0
1685649223541 109329831225.15509 0
1685649223542 108505537759.50557 0
1685649223542 107684567671.81525 0
1685649223543 106887138558.05676 0
1685649223543 106065861993.42651 0
1685649223544 105276856452.38182 0
1685649223544 104510132057.8447 0
1685649223545 103769345538.59651 0
1685649223545 103023170170.47905 0
1685649223546 102284195816.59985 0
