1685649792015 268239480190.79517 0
1685649792015 248455482826.3955 0
1685649792016 230947286355.2379 0
1685649792016 214888301451.17316 0
1685649792017 200347228535.2503 0
1685649792017 186930495264.93155 0
1685649792018 174761478784.02338 0
1685649792019 163775375779.66446 0
1685649792019 153794885609.45306 0
1685649792020 144749282090.90958 0
1685649792020 136074387636.75555 0
1685649792021 128472979891.26054 0
1685649792021 121173371690.94148 0
1685649792022 114446210193.39719 0
1685649792022 108429428518.394 0
1685649792023 103191460765.81024 0
1685649792023 98192658409.96577 0
1685649792024 93714212667.85706 0
1685649792024 89579915932.82773 0
1685649792025 85676240761.51729 0
1685649792026 82207025229.07755 0
1685649792026 78954172963.9911 0
1685649792027 75887043201.81342 0
1685649792027 73078767773.64442 0
1685649792028 70535871308.11572 0
1685649792029 68149183162.663284 0
1685649792029 65856647714.64526 0
1685649792030 63801853719.353806 0
1685649792030 61917806127.253334 0
1685649792031 60250216864.29898 0
1685649792031 58593734073.771805 0
1685649792032 57134445335.53515 0
1685649792033 55823291157.56873 0
1685649792033 54567932328.3037 0
1685649792034 53341213237.855316 0
1685649792034 52177197053.85178 0
1685649792035 50949105378.981125 0
1685649792036 49885887460.859665 0
1685649792036 48890129142.80299 0
1685649792037 47996695099.916275 0
1685649792037 47106818908.70041 0
1685649792038 46312822076.715996 0
1685649792038 45507896287.52714 0
1685649792039 44681066469.95416 0
1685649792039 43887342648.47835 0
1685649792040 43138058182.21321 0
1685649792040 42466384629.1995 0
1685649792041 41849280866.69843 0
1685649792041 41251069094.42847 0
1685649792042 40705926611.08811 0
1685649792042 40149619830.37391 0
1685649792043 39620558585.85992 0
1685649792043 39113750887.052444 0
1685649792044 38600357905.19319 0
1685649792044 38206396714.56959 0
1685649792045 37789124890.439285 0
1685649792045 37270244609.648964 0
1685649792046 36847828962.720604 0
1685649792047 36418665036.66498 0
1685649792047 36078170181.90016 0
1685649792048 35648374823.475334 0
1685649792048 35313887896.942444 0
1685649792049 34932382688.80943 0
1685649792049 34630928892.541336 0
1685649792050 34374460232.44613 0
1685649792050 34086104645.433037 0
1685649792051 33769570628.45683 0
1685649792051 33528513112.6475 0
1685649792052 33231804096.347782 0
1685649792052 32996400400.529644 0
1685649792053 32735638749.35919 0
1685649792053 32512494098.4889 0
1685649792054 32296389074.94226 0
1685649792054 32005188743.879307 0
1685649792055 31788349036.492683 0
1685649792055 31605327584.719086 0
1685649792056 31418925446.838333 0
1685649792056 31177230121.552414 0
1685649792057 31074329219.142635 0
1685649792057 30906183423.072876 0
1685649792058 30668486041.487392 0
1685649792058 30526835452.44378 0
1685649792059 30396349566.83016 0
1685649792059 30261856786.835705 0
1685649792060 30068158668.063164 0
1685649792060 29896433197.290688 0
1685649792061 29839937108.84034 0
1685649792061 29728862811.70179 0
1685649792062 29541609432.62986 0
1685649792062 29420412486.31989 0
1685649792063 29372374871.9433 0
1685649792063 29237276869.029243 0
1685649792064 29076663459.64842 0
1685649792064 29011755464.541004 0
1685649792065 28881358012.78689 0
1685649792065 28714772256.90839 0
1685649792066 28666756589.48311 0
1685649792067 28597649009.340168 0
1685649792067 28523864996.09776 0
1685649792068 28442465922.617188 0
