1685708050781 248144279221.53607 0
1685708050781 213038996313.9838 0
1685708050782 184965601463.03217 0
1685708050783 161638672199.27167 0
1685708050783 142365940105.91138 0
1685708050784 126472200742.6848 0
1685708050784 112878453994.34828 0
1685708050785 101068419176.24689 0
1685708050785 91693393541.89546 0
1685708050786 83932570609.83218 0
1685708050786 77164052015.37628 0
1685708050787 71517189928.39201 0
1685708050788 66847466974.67004 0
1685708050788 62894766822.877144 0
1685708050789 59493614046.34962 0
1685708050789 56403174544.96692 0
1685708050790 53784531159.22022 0
1685708050790 51496759541.99524 0
1685708050791 49581719914.38232 0
1685708050792 47715391788.5614 0
1685708050792 45952985972.219795 0
1685708050793 44632214913.70321 0
1685708050793 43082529474.694084 0
1685708050794 41927397695.02185 0
1685708050794 40800027691.13484 0
1685708050795 39914349739.510216 0
1685708050795 38880523912.341835 0
1685708050796 38008015237.30554 0
1685708050796 37197321166.797386 0
1685708050797 36395614105.169266 0
1685708050798 35700685080.46712 0
1685708050798 34972489264.57706 0
1685708050799 34446728598.61018 0
1685708050799 33862763738.73646 0
1685708050800 33267453333.39499 0
1685708050800 32765048747.477814 0
1685708050801 32350059516.38336 0
1685708050801 31990707455.24055 0
1685708050802 31607264027.667454 0
1685708050802 31197611817.879623 0
1685708050803 30903645488.885113 0
1685708050804 30541000815.069435 0
1685708050804 30153763665.707764 0
1685708050805 29965431820.956905 0
1685708050805 29685561400.434563 0
1685708050806 29501411384.107944 0
1685708050806 29238154841.045006 0
1685708050807 29008465308.286808 0
1685708050807 28760250096.703712 0
1685708050808 28530627305.76321 0
1685708050808 28414576433.423676 0
1685708050809 28129698844.408787 0
1685708050809 27952064668.518585 0
1685708050810 27698073890.499287 0
1685708050811 27636089169.558292 0
1685708050811 27474290983.53719 0
1685708050812 27412390028.76899 0
1685708050812 27134568759.124207 0
1685708050813 26994201372.492752 0
1685708050813 26886983755.55872 0
1685708050814 26571050776.31888 0
1685708050814 26510480094.44622 0
1685708050815 26390199931.75097 0
1685708050815 26281751274.426258 0
1685708050816 26135673256.17252 0
1685708050817 26009742941.838535 0
1685708050817 25774770319.10307 0
1685708050818 25681206839.8641 0
1685708050818 25634963621.751484 0
1685708050819 25479517790.36414 0
1685708050819 24911712168.203976 0
1685708050820 24825627844.710995 0
1685708050820 24624754913.0042 0
1685708050821 24606458134.941914 0
1685708050821 24524808288.577328 0
1685708050822 24457495584.65886 0
1685708050822 23988502690.76058 0
1685708050823 23960955640.15888 0
1685708050824 23849620116.705357 0
1685708050824 23767890784.89163 0
1685708050825 23616816898.91696 0
1685708050825 23464110760.951 0
1685708050826 23405732669.126274 0
1685708050826 23301504487.117165 0
1685708050827 23160572831.42476 0
1685708050827 23092648346.404446 0
1685708050828 23049302730.833416 0
1685708050828 22904278597.549637 0
1685708050829 22721513235.708088 0
1685708050829 22578855940.148422 0
1685708050830 22535015516.385384 0
1685708050831 22400380939.59873 0
1685708050831 22372858866.1882 0
1685708050832 22350657850.984596 0
1685708050832 22290464414.740257 0
1685708050833 22224895207.740208 0
1685708050833 22133197068.904835 0
1685708050834 22038125216.07799 0
1685708050834 21950012915.561172 0
1685708050835 21904620279.666576 0
