1685649173936 252117789690.87567 0
1685649173937 220830294149.8392 0
1685649173938 195821646023.96384 0
1685649173938 174000838251.7834 0
1685649173939 154606671948.7316 0
1685649173939 139977379237.0108 0
1685649173940 127376097612.43782 0
1685649173940 116159782571.02213 0
1685649173941 106695754657.58409 0
1685649173941 98929817028.08273 0
1685649173942 92290594666.82901 0
1685649173942 86648187692.40367 0
1685649173943 81516710971.4247 0
1685649173943 77698348467.32437 0
1685649173944 74073867500.48122 0
1685649173944 70250369849.29205 0
1685649173945 67634763341.17773 0
1685649173945 64629125399.22436 0
1685649173946 62343133147.433014 0
1685649173946 60110209519.83562 0
1685649173947 58306194061.53678 0
1685649173947 56602553553.124504 0
1685649173948 55065055650.20358 0
1685649173948 53657954453.34421 0
1685649173949 52312268081.853325 0
1685649173949 51049663722.17203 0
1685649173950 49890194811.61394 0
1685649173950 48622061075.835754 0
1685649173951 47631885425.15958 0
1685649173951 46894226090.531654 0
1685649173952 46229127741.70704 0
1685649173952 45525162950.6241 0
1685649173953 44566287078.70591 0
1685649173953 43995563738.91841 0
1685649173954 43245110686.110085 0
1685649173955 42386923290.89177 0
1685649173955 41843513544.02922 0
1685649173956 41283479160.068436 0
1685649173956 40684898826.04428 0
1685649173957 40370442843.48052 0
1685649173957 39883073020.70059 0
1685649173958 39498786346.07217 0
1685649173958 39079733194.78279 0
1685649173959 38631221074.73467 0
1685649173959 38224287564.47069 0
1685649173960 37866626617.89885 0
1685649173960 37426858044.6845 0
1685649173961 37158551090.758385 0
1685649173961 36853669786.9287 0
1685649173962 36510792582.32015 0
1685649173962 36141204643.17296 0
1685649173963 35909677315.94481 0
1685649173963 35664298629.7608 0
1685649173964 35533658130.533226 0
1685649173964 35365547113.07776 0
1685649173965 35049299997.95372 0
1685649173965 34773403968.38122 0
1685649173966 34623143363.33151 0
1685649173966 34555432197.84435 0
1685649173967 34303677788.980774 0
1685649173967 34159504070.01557 0
1685649173968 34096249711.842747 0
1685649173968 33933728315.03448 0
1685649173969 33737404886.509853 0
1685649173969 33624520614.163166 0
1685649173970 33569123690.346985 0
1685649173970 33321234245.052414 0
1685649173971 33161301311.087124 0
1685649173971 32999936871.059505 0
1685649173972 32881030310.794 0
1685649173972 32692780902.995735 0
1685649173973 32598959830.32833 0
1685649173973 32358718382.210964 0
1685649173974 32137088719.152355 0
1685649173974 32033279812.651646 0
1685649173975 31872487986.340755 0
1685649173975 31820097356.25041 0
1685649173976 31704538431.403225 0
1685649173976 31542519602.922882 0
1685649173977 31509439532.77331 0
1685649173977 31335559907.848866 0
1685649173978 31256664518.34062 0
1685649173978 31187237526.40459 0
1685649173979 31098782505.23948 0
1685649173979 30855517810.437523 0
1685649173980 30722852170.57145 0
1685649173980 30682879413.96747 0
1685649173981 30584072227.831352 0
1685649173981 30554893451.548927 0
1685649173982 30477331043.63821 0
1685649173982 30413141456.57886 0
1685649173983 30242751292.81699 0
1685649173983 30200459434.19834 0
1685649173984 30062801296.225983 0
1685649173984 29959013052.045467 0
1685649173985 29929028959.11199 0
1685649173985 29877297735.53671 0
1685649173986 29714679329.80188 0
1685649173986 29694643572.231766 0
1685649173987 29641390698.562416 0
