1685649811849 265436560207.18878 0
1685649811849 243868537275.65506 0
1685649811850 224005054891.94308 0
1685649811851 205930492568.63904 0
1685649811851 189758815876.2693 0
1685649811852 174849806941.97372 0
1685649811852 161345422367.2732 0
1685649811853 149115977680.68735 0
1685649811853 138116603350.78223 0
1685649811854 128058036940.7228 0
1685649811854 118954821198.34305 0
1685649811855 110760232117.2415 0
1685649811855 102965152659.62929 0
1685649811856 96145464830.01735 0
1685649811856 89875518128.34296 0
1685649811857 84177137722.48508 0
1685649811858 78901726442.38284 0
1685649811858 74183011365.0664 0
1685649811859 69798442793.70958 0
1685649811859 65830039944.74538 0
1685649811860 62200162306.50286 0
1685649811861 58970355066.190994 0
1685649811862 55969897592.54521 0
1685649811862 53220828137.83215 0
1685649811863 50674531748.11343 0
1685649811863 48333868772.99725 0
1685649811864 46250960485.81779 0
1685649811865 44247692033.35269 0
1685649811865 42469376739.619286 0
1685649811866 40840117849.45443 0
1685649811866 39284637829.61438 0
1685649811867 37896858222.57939 0
1685649811868 36520614503.283966 0
1685649811868 35256700131.10284 0
1685649811869 34022550463.024242 0
1685649811869 32998806750.497196 0
1685649811870 31980381276.06673 0
1685649811871 30865166971.983974 0
1685649811871 29865964669.827084 0
1685649811872 28958985112.628258 0
1685649811872 28182898839.289894 0
1685649811873 27336402613.652554 0
1685649811873 26650821962.304386 0
1685649811874 26013917467.58938 0
1685649811875 25415517696.05333 0
1685649811875 24843819919.58698 0
1685649811876 24265153342.61244 0
1685649811876 23790730656.88634 0
1685649811877 23378685146.446133 0
1685649811877 22920180020.547394 0
1685649811878 22463766401.31741 0
1685649811879 22092780898.67179 0
1685649811879 21653597104.633587 0
1685649811880 21274920596.3585 0
1685649811880 20971624641.023155 0
1685649811881 20630213652.219097 0
1685649811881 20348514571.02695 0
1685649811882 20014951462.300404 0
1685649811882 19750623749.308 0
1685649811883 19488265091.38692 0
1685649811884 19255517494.585293 0
1685649811884 19030719445.689682 0
1685649811885 18803263201.987965 0
1685649811885 18577357422.228542 0
1685649811886 18376477419.031456 0
1685649811886 18169279581.736553 0
1685649811887 17971644316.183365 0
1685649811887 17769473333.66345 0
1685649811888 17551944059.250538 0
1685649811888 17401558068.56949 0
1685649811889 17208439040.668667 0
1685649811889 17024923076.748146 0
1685649811890 16872265777.990257 0
1685649811890 16715350075.444658 0
1685649811891 16529932217.165209 0
1685649811891 16401122591.55398 0
1685649811892 16279230207.539347 0
1685649811892 16058111914.338718 0
1685649811893 15904880256.98444 0
1685649811893 15756004724.699938 0
1685649811894 15619815587.41292 0
1685649811894 15507919255.980434 0
1685649811895 15427882069.230227 0
1685649811895 15245071303.72134 0
1685649811896 15133295731.094545 0
1685649811896 15045531069.112698 0
1685649811897 14929515702.911943 0
1685649811898 14854596224.868383 0
1685649811898 14771429453.291754 0
1685649811899 14699481916.40116 0
1685649811899 14622418647.44758 0
1685649811900 14525305380.765963 0
1685649811900 14449938835.45093 0
1685649811901 14352595629.986559 0
1685649811901 14255875902.475042 0
1685649811902 14173711949.9567 0
1685649811902 14102673492.666954 0
1685649811903 14043004648.451654 0
1685649811903 13961103537.929472 0
1685649811904 13875753909.884226 0
