1685649712669 211212558521.27612 0
1685649712669 156897159725.546 0
1685649712670 122576114702.50478 0
1685649712671 98327680399.20746 0
1685649712671 81565910985.74791 0
1685649712672 69702002348.16643 0
1685649712672 61026560289.54038 0
1685649712673 55088188628.42406 0
1685649712673 49943940482.88825 0
1685649712674 46441331928.855995 0
1685649712674 42909442187.20874 0
1685649712675 40427379136.57015 0
1685649712675 38339152605.44029 0
1685649712676 36792682301.562 0
1685649712676 35235169624.59677 0
1685649712677 34224164559.379173 0
1685649712677 33326628346.2312 0
1685649712678 32385918305.533066 0
1685649712678 31705378950.906055 0
1685649712679 31040215744.826534 0
1685649712680 30085925835.903954 0
1685649712681 29746183152.42907 0
1685649712681 29151896902.574135 0
1685649712682 28531523941.65478 0
1685649712682 28054197516.390057 0
1685649712683 27799156373.783073 0
1685649712684 27617535709.72912 0
1685649712684 27323239594.762608 0
1685649712685 26923067052.979088 0
1685649712685 26783870657.629375 0
1685649712686 26500762393.788906 0
1685649712687 26305851084.38517 0
1685649712687 26091810887.516903 0
1685649712688 25647172468.499386 0
1685649712688 25198747841.868233 0
1685649712689 25120634547.80651 0
1685649712689 24763450481.208603 0
1685649712690 24522122659.516605 0
1685649712691 24427293242.277897 0
1685649712691 24386630115.979183 0
1685649712692 24149725405.203785 0
1685649712692 23988657155.761925 0
1685649712693 23945021272.018925 0
1685649712693 22861190034.759663 0
1685649712694 22681763707.347416 0
1685649712694 22525370529.09483 0
1685649712695 22041921112.941006 0
1685649712695 21367050590.43041 0
1685649712696 21157728126.026203 0
1685649712696 21038657864.695877 0
1685649712697 20994118138.65273 0
1685649712697 20912943712.62403 0
1685649712698 20612448750.359924 0
1685649712699 20578120655.54868 0
1685649712699 20488709526.410995 0
1685649712700 20339855212.92739 0
1685649712700 20131988796.57025 0
1685649712701 19677791403.3316 0
1685649712701 19358948535.08081 0
1685649712702 19252707781.97559 0
1685649712703 19170849678.690784 0
1685649712703 18865754618.656193 0
1685649712704 18728387773.648563 0
1685649712704 18620478761.133316 0
1685649712705 18542772905.387524 0
1685649712705 18350724665.52662 0
1685649712706 18257632709.298615 0
1685649712706 18112856080.153515 0
1685649712707 18068878967.26177 0
1685649712707 17718818704.9203 0
1685649712708 17678747346.17891 0
1685649712708 17659929618.147972 0
1685649712709 17622941670.077038 0
1685649712709 17593273575.50822 0
1685649712710 17529793543.622272 0
1685649712710 17459088118.996933 0
1685649712711 17282973300.083027 0
1685649712711 17138921475.9667 0
1685649712712 17112310981.004078 0
1685649712712 17099224940.554613 0
1685649712713 16979227007.821442 0
1685649712713 16843331890.87734 0
1685649712714 16735800596.476929 0
1685649712714 16708593679.782913 0
1685649712715 16629564565.92053 0
1685649712715 16611320720.07574 0
1685649712716 16602612725.935606 0
1685649712716 16551408344.46381 0
1685649712717 16411605563.671604 0
1685649712717 16374432416.886726 0
1685649712718 16177018997.975212 0
1685649712718 15999986693.620567 0
1685649712719 15888489199.77083 0
1685649712719 15759322954.292677 0
1685649712720 15624477586.35396 0
1685649712720 15519479887.097626 0
1685649712721 15459806722.411406 0
1685649712721 15414116837.908525 0
1685649712722 15285484227.978226 0
1685649712722 15168061361.949558 0
