1685710458131 248144279221.53607 0
1685710458132 213038996313.98383 0
1685710458132 184965601463.0322 0
1685710458133 161638672199.2717 0
1685710458134 142365940105.9114 0
1685710458134 126472200742.68484 0
1685710458135 112878453994.3483 0
1685710458135 101068419176.24693 0
1685710458136 91693393541.8955 0
1685710458136 83932570609.83218 0
1685710458137 77164052015.37628 0
1685710458138 71517189928.39201 0
1685710458138 66847466974.67005 0
1685710458139 62894766822.877144 0
1685710458139 59493614046.349625 0
1685710458140 56403174544.96693 0
1685710458140 53784531159.220215 0
1685710458141 51496759541.995224 0
1685710458141 49581719914.38231 0
1685710458142 47715391788.5614 0
1685710458143 45952985972.219795 0
1685710458143 44632214913.70321 0
1685710458144 43082529474.694084 0
1685710458144 41927397695.02185 0
1685710458145 40800027691.13484 0
1685710458145 39914349739.510216 0
1685710458146 38880523912.341835 0
1685710458147 38008015237.30556 0
1685710458147 37197321166.79739 0
1685710458148 36395614105.169266 0
1685710458148 35700685080.46712 0
1685710458149 34972489264.577065 0
1685710458149 34446728598.61018 0
1685710458150 33862763738.73646 0
1685710458150 33267453333.394993 0
1685710458151 32765048747.477814 0
1685710458152 32350059516.383366 0
1685710458152 31990707455.24055 0
1685710458153 31607264027.667446 0
1685710458153 31197611817.87962 0
1685710458154 30903645488.885113 0
1685710458154 30541000815.069435 0
1685710458155 30153763665.70776 0
1685710458155 29965431820.956905 0
1685710458156 29685561400.434563 0
1685710458157 29501411384.107944 0
1685710458157 29238154841.045006 0
1685710458158 29008465308.286808 0
1685710458158 28760250096.703712 0
1685710458159 28530627305.763206 0
1685710458159 28414576433.423676 0
1685710458160 28129698844.408787 0
1685710458161 27952064668.51858 0
1685710458161 27698073890.499287 0
1685710458162 27636089169.558292 0
1685710458162 27474290983.53719 0
1685710458163 27412390028.76899 0
1685710458163 27134568759.12421 0
1685710458164 26994201372.492752 0
1685710458164 26886983755.558716 0
1685710458165 26571050776.318882 0
1685710458166 26510480094.446224 0
1685710458166 26390199931.75097 0
1685710458167 26281751274.426258 0
1685710458167 26135673256.172516 0
1685710458168 26009742941.838535 0
1685710458168 25774770319.10307 0
1685710458169 25681206839.8641 0
1685710458169 25634963621.751488 0
1685710458170 25479517790.364136 0
1685710458171 24911712168.203976 0
1685710458171 24825627844.710995 0
1685710458172 24624754913.004196 0
1685710458172 24606458134.94191 0
1685710458173 24524808288.577328 0
1685710458173 24457495584.65886 0
1685710458174 23988502690.76058 0
1685710458174 23960955640.15888 0
1685710458175 23849620116.705353 0
1685710458176 23767890784.89163 0
1685710458176 23616816898.91696 0
1685710458177 23464110760.951 0
1685710458177 23405732669.126274 0
1685710458178 23301504487.11716 0
1685710458178 23160572831.42475 0
1685710458179 23092648346.40444 0
1685710458180 23049302730.833412 0
1685710458180 22904278597.549637 0
1685710458181 22721513235.708088 0
1685710458181 22578855940.148422 0
1685710458182 22535015516.385387 0
1685710458182 22400380939.59873 0
1685710458183 22372858866.1882 0
1685710458183 22350657850.9846 0
1685710458184 22290464414.740257 0
1685710458185 22224895207.7402 0
1685710458185 22133197068.904835 0
1685710458186 22038125216.07799 0
1685710458186 21950012915.561172 0
1685710458187 21904620279.666576 0
