1685649182285 248144279221.53607 0
1685649182285 213038996313.98386 0
1685649182286 184965601463.0322 0
1685649182286 161638672199.27173 0
1685649182287 142365940105.9114 0
1685649182287 126472200742.68484 0
1685649182288 112878453994.34831 0
1685649182288 101068419176.24693 0
1685649182289 91693393541.8955 0
1685649182289 83932570609.83218 0
1685649182290 77164052015.3763 0
1685649182290 71517189928.39201 0
1685649182291 66847466974.67005 0
1685649182291 62894766822.87715 0
1685649182292 59493614046.349625 0
1685649182292 56403174544.96694 0
1685649182293 53784531159.22022 0
1685649182293 51496759541.99524 0
1685649182295 49581719914.38232 0
1685649182295 47715391788.56141 0
1685649182296 45952985972.219795 0
1685649182297 44632214913.70322 0
1685649182314 43082529474.69409 0
1685649182315 41927397695.02186 0
1685649182333 40800027691.13485 0
1685649182334 39914349739.510216 0
1685649182352 38880523912.34184 0
1685649182353 38008015237.30556 0
1685649182354 37197321166.79739 0
1685649182372 36395614105.169266 0
1685649182373 35700685080.467125 0
1685649182373 34972489264.577065 0
1685649182374 34446728598.61018 0
1685649182374 33862763738.73646 0
1685649182375 33267453333.394997 0
1685649182375 32765048747.477814 0
1685649182376 32350059516.38337 0
1685649182376 31990707455.24055 0
1685649182377 31607264027.667446 0
1685649182377 31197611817.87962 0
1685649182378 30903645488.885117 0
1685649182378 30541000815.069435 0
1685649182379 30153763665.70776 0
1685649182379 29965431820.95691 0
1685649182380 29685561400.434563 0
1685649182380 29501411384.107944 0
1685649182381 29238154841.045006 0
1685649182381 29008465308.286808 0
1685649182382 28760250096.703712 0
1685649182382 28530627305.76321 0
1685649182383 28414576433.423676 0
1685649182383 28129698844.408787 0
1685649182384 27952064668.51858 0
1685649182384 27698073890.499283 0
1685649182385 27636089169.558292 0
1685649182385 27474290983.53719 0
1685649182386 27412390028.76899 0
1685649182386 27134568759.12421 0
1685649182387 26994201372.492752 0
1685649182387 26886983755.55872 0
1685649182388 26571050776.318882 0
1685649182388 26510480094.446224 0
1685649182389 26390199931.75097 0
1685649182389 26281751274.426258 0
1685649182390 26135673256.17252 0
1685649182390 26009742941.838535 0
1685649182391 25774770319.10307 0
1685649182391 25681206839.8641 0
1685649182392 25634963621.751484 0
1685649182392 25479517790.364136 0
1685649182393 24911712168.203976 0
1685649182393 24825627844.710995 0
1685649182394 24624754913.004208 0
1685649182394 24606458134.941914 0
1685649182395 24524808288.577328 0
1685649182395 24457495584.658863 0
1685649182396 23988502690.76058 0
1685649182396 23960955640.15888 0
1685649182397 23849620116.705357 0
1685649182397 23767890784.89163 0
1685649182398 23616816898.91696 0
1685649182398 23464110760.951004 0
1685649182399 23405732669.126274 0
1685649182399 23301504487.11716 0
1685649182400 23160572831.424755 0
1685649182400 23092648346.404446 0
1685649182401 23049302730.833416 0
1685649182401 22904278597.549637 0
1685649182402 22721513235.708088 0
1685649182402 22578855940.148422 0
1685649182403 22535015516.385387 0
1685649182403 22400380939.598724 0
1685649182404 22372858866.1882 0
1685649182404 22350657850.984596 0
1685649182405 22290464414.74026 0
1685649182405 22224895207.7402 0
1685649182406 22133197068.90483 0
1685649182406 22038125216.07799 0
1685649182406 21950012915.56117 0
1685649182407 21904620279.666576 0
