1685649752480 248144279221.53607 0
1685649752481 213038996313.98386 0
1685649752481 184965601463.0322 0
1685649752482 161638672199.27173 0
1685649752482 142365940105.9114 0
1685649752483 126472200742.68484 0
1685649752484 112878453994.34831 0
1685649752484 101068419176.24693 0
1685649752485 91693393541.8955 0
1685649752485 83932570609.83221 0
1685649752486 77164052015.37628 0
1685649752486 71517189928.39201 0
1685649752487 66847466974.67005 0
1685649752487 62894766822.877144 0
1685649752488 59493614046.349625 0
1685649752488 56403174544.96693 0
1685649752489 53784531159.22022 0
1685649752489 51496759541.99524 0
1685649752490 49581719914.38232 0
1685649752490 47715391788.56141 0
1685649752491 45952985972.219795 0
1685649752492 44632214913.70321 0
1685649752493 43082529474.694084 0
1685649752493 41927397695.02186 0
1685649752494 40800027691.13484 0
1685649752494 39914349739.510216 0
1685649752495 38880523912.341835 0
1685649752496 38008015237.30556 0
1685649752496 37197321166.79739 0
1685649752497 36395614105.16927 0
1685649752497 35700685080.467125 0
1685649752498 34972489264.577065 0
1685649752499 34446728598.61018 0
1685649752499 33862763738.73646 0
1685649752500 33267453333.394997 0
1685649752500 32765048747.477814 0
1685649752501 32350059516.38337 0
1685649752501 31990707455.24055 0
1685649752502 31607264027.667454 0
1685649752503 31197611817.87962 0
1685649752503 30903645488.885113 0
1685649752504 30541000815.069435 0
1685649752504 30153763665.70776 0
1685649752505 29965431820.95691 0
1685649752505 29685561400.434563 0
1685649752506 29501411384.10794 0
1685649752506 29238154841.045002 0
1685649752507 29008465308.286808 0
1685649752507 28760250096.703712 0
1685649752508 28530627305.76321 0
1685649752508 28414576433.42367 0
1685649752509 28129698844.408787 0
1685649752509 27952064668.518585 0
1685649752510 27698073890.49929 0
1685649752510 27636089169.558292 0
1685649752511 27474290983.53719 0
1685649752511 27412390028.768982 0
1685649752512 27134568759.124207 0
1685649752512 26994201372.492752 0
1685649752513 26886983755.558716 0
1685649752513 26571050776.318882 0
1685649752514 26510480094.44622 0
1685649752514 26390199931.75097 0
1685649752515 26281751274.426258 0
1685649752515 26135673256.17252 0
1685649752516 26009742941.838535 0
1685649752516 25774770319.10307 0
1685649752517 25681206839.8641 0
1685649752517 25634963621.751484 0
1685649752518 25479517790.364136 0
1685649752518 24911712168.203976 0
1685649752519 24825627844.710995 0
1685649752520 24624754913.0042 0
1685649752520 24606458134.94191 0
1685649752521 24524808288.577328 0
1685649752521 24457495584.65886 0
1685649752522 23988502690.76058 0
1685649752522 23960955640.15888 0
1685649752523 23849620116.705357 0
1685649752523 23767890784.89163 0
1685649752524 23616816898.91696 0
1685649752524 23464110760.951 0
1685649752525 23405732669.126274 0
1685649752525 23301504487.11716 0
1685649752526 23160572831.424755 0
1685649752526 23092648346.404446 0
1685649752527 23049302730.833412 0
1685649752527 22904278597.549637 0
1685649752528 22721513235.708088 0
1685649752528 22578855940.148422 0
1685649752529 22535015516.385387 0
1685649752529 22400380939.59873 0
1685649752530 22372858866.188198 0
1685649752530 22350657850.984596 0
1685649752531 22290464414.740257 0
1685649752531 22224895207.740208 0
1685649752532 22133197068.904835 0
1685649752532 22038125216.07799 0
1685649752533 21950012915.561172 0
1685649752533 21904620279.666584 0
