1685710516886 265436560207.18878 0
1685710516887 243868537275.65506 0
1685710516888 224005054891.94308 0
1685710516888 205930492568.63898 0
1685710516889 189758815876.26923 0
1685710516908 174849806941.97366 0
1685710516908 161345422367.2732 0
1685710516909 149115977680.68732 0
1685710516910 138116603350.78223 0
1685710516910 128058036940.7228 0
1685710516911 118954821198.34303 0
1685710516911 110760232117.2415 0
1685710516912 102965152659.62929 0
1685710516912 96145464830.01733 0
1685710516913 89875518128.34296 0
1685710516914 84177137722.48508 0
1685710516914 78901726442.38284 0
1685710516915 74183011365.06639 0
1685710516915 69798442793.70958 0
1685710516916 65830039944.745384 0
1685710516916 62200162306.50285 0
1685710516917 58970355066.190994 0
1685710516918 55969897592.54521 0
1685710516918 53220828137.832146 0
1685710516919 50674531748.11343 0
1685710516919 48333868772.99725 0
1685710516920 46250960485.81779 0
1685710516920 44247692033.352684 0
1685710516921 42469376739.619286 0
1685710516922 40840117849.45442 0
1685710516922 39284637829.61438 0
1685710516923 37896858222.57939 0
1685710516923 36520614503.283966 0
1685710516924 35256700131.10283 0
1685710516924 34022550463.024242 0
1685710516925 32998806750.497192 0
1685710516926 31980381276.06673 0
1685710516926 30865166971.983974 0
1685710516927 29865964669.827084 0
1685710516927 28958985112.628258 0
1685710516928 28182898839.289898 0
1685710516929 27336402613.652554 0
1685710516929 26650821962.304386 0
1685710516930 26013917467.589386 0
1685710516930 25415517696.05333 0
1685710516931 24843819919.58698 0
1685710516931 24265153342.612442 0
1685710516932 23790730656.88635 0
1685710516933 23378685146.44613 0
1685710516933 22920180020.547394 0
1685710516934 22463766401.31741 0
1685710516934 22092780898.67179 0
1685710516935 21653597104.633587 0
1685710516935 21274920596.358498 0
1685710516936 20971624641.023155 0
1685710516937 20630213652.219097 0
1685710516937 20348514571.02695 0
1685710516938 20014951462.3004 0
1685710516938 19750623749.308 0
1685710516939 19488265091.38692 0
1685710516939 19255517494.58529 0
1685710516940 19030719445.68968 0
1685710516941 18803263201.987965 0
1685710516941 18577357422.22854 0
1685710516942 18376477419.031456 0
1685710516942 18169279581.736553 0
1685710516943 17971644316.183365 0
1685710516943 17769473333.663445 0
1685710516944 17551944059.250538 0
1685710516944 17401558068.56949 0
1685710516945 17208439040.668663 0
1685710516946 17024923076.748146 0
1685710516946 16872265777.99026 0
1685710516947 16715350075.444658 0
1685710516947 16529932217.165209 0
1685710516948 16401122591.55398 0
1685710516948 16279230207.539347 0
1685710516949 16058111914.338717 0
1685710516950 15904880256.98444 0
1685710516950 15756004724.699936 0
1685710516951 15619815587.412918 0
1685710516951 15507919255.980434 0
1685710516952 15427882069.230225 0
1685710516953 15245071303.72134 0
1685710516953 15133295731.094543 0
1685710516954 15045531069.112694 0
1685710516954 14929515702.911943 0
1685710516955 14854596224.868383 0
1685710516955 14771429453.291754 0
1685710516956 14699481916.40116 0
1685710516957 14622418647.44758 0
1685710516957 14525305380.765963 0
1685710516958 14449938835.45093 0
1685710516958 14352595629.986559 0
1685710516959 14255875902.47504 0
1685710516959 14173711949.9567 0
1685710516960 14102673492.666954 0
1685710516961 14043004648.45165 0
1685710516961 13961103537.92947 0
1685710516962 13875753909.884222 0
