1685649831836 285097724463.3844 0
1685649831837 280838296673.4112 0
1685649831838 276661058949.8067 0
1685649831838 272563688460.9799 0
1685649831839 268549813967.2019 0
1685649831839 264507103023.08594 0
1685649831840 260544811293.6873 0
1685649831840 256758446492.91916 0
1685649831841 252946261085.1378 0
1685649831841 249273197955.78952 0
1685649831842 245605982652.26514 0
1685649831842 242094246072.26996 0
1685649831843 238638685090.65155 0
1685649831843 235229790483.53064 0
1685649831844 231906473465.991 0
1685649831844 228625829553.0802 0
1685649831845 225407753139.05148 0
1685649831845 222228836046.53098 0
1685649831846 219149193294.63016 0
1685649831847 216048333014.8043 0
1685649831847 213043336931.75955 0
1685649831848 210116665673.67712 0
1685649831848 207254623663.72784 0
1685649831849 204419021871.72073 0
1685649831849 201660900971.01773 0
1685649831850 198883060870.07166 0
1685649831850 196238893861.87552 0
1685649831851 193596237341.54843 0
1685649831851 191041267875.186 0
1685649831852 188535671046.33426 0
1685649831852 186033896935.3242 0
1685649831853 183511316674.9336 0
1685649831853 181127759159.8835 0
1685649831854 178798988838.6957 0
1685649831854 176506334213.74844 0
1685649831855 174189108529.57904 0
1685649831855 171971341657.03986 0
1685649831856 169790650752.9278 0
1685649831856 167635740192.6922 0
1685649831857 165552581871.11438 0
1685649831857 163501756444.75568 0
1685649831858 161413273700.00317 0
1685649831858 159421300784.45807 0
1685649831859 157480235843.92844 0
1685649831859 155496579331.7508 0
1685649831860 153639074120.24612 0
1685649831860 151799795195.95966 0
1685649831861 149996153545.99484 0
1685649831862 148217150103.6063 0
1685649831862 146394871988.4815 0
1685649831863 144703097416.74615 0
1685649831863 142968186215.2001 0
1685649831864 141309836532.0925 0
1685649831864 139631311955.3582 0
1685649831865 138025673806.3803 0
1685649831865 136472069080.8694 0
1685649831866 134885149306.88579 0
1685649831866 133251995663.3063 0
1685649831867 131749476307.93208 0
1685649831867 130242420481.04639 0
1685649831868 128705700804.02626 0
1685649831868 127319413884.16234 0
1685649831869 125838878981.8696 0
1685649831869 124455962655.65607 0
1685649831870 123054349296.34767 0
1685649831870 121752910296.60939 0
1685649831871 120381794679.83302 0
1685649831871 119039405677.51451 0
1685649831872 117737588741.92421 0
1685649831872 116456251884.22893 0
1685649831873 115208982637.33829 0
1685649831873 113953413433.69496 0
1685649831874 112732844264.45355 0
1685649831874 111543215852.47534 0
1685649831875 110386625619.63776 0
1685649831875 109245749603.76889 0
1685649831876 108101805387.24622 0
1685649831877 107005051095.13618 0
1685649831877 105928533887.70686 0
1685649831878 104841533290.70216 0
1685649831878 103784659012.95279 0
1685649831879 102769409100.83553 0
1685649831879 101768436765.12637 0
1685649831880 100749577811.603 0
1685649831880 99782896299.3935 0
1685649831881 98809966849.33934 0
1685649831881 97875618824.11302 0
1685649831882 96963193374.39583 0
1685649831882 96031126406.37598 0
1685649831883 95153240618.27394 0
1685649831883 94283584639.928 0
1685649831884 93417086285.44043 0
1685649831884 92579112639.22847 0
1685649831885 91766060728.56956 0
1685649831885 90955953514.46153 0
1685649831886 90128525164.87224 0
1685649831886 89322929078.49734 0
1685649831887 88550784883.02397 0
1685649831887 87792703746.07465 0
1685649831888 87058657925.93912 0
