1685647675868 248144279221.53607 0
1685647675869 213038996313.98386 0
1685647675869 184965601463.0322 0
1685647675870 161638672199.27173 0
1685647675870 142365940105.91144 0
1685647675871 126472200742.68486 0
1685647675871 112878453994.34831 0
1685647675872 101068419176.24693 0
1685647675872 91693393541.8955 0
1685647675873 83932570609.83218 0
1685647675873 77164052015.37633 0
1685647675874 71517189928.39201 0
1685647675874 66847466974.67007 0
1685647675875 62894766822.87717 0
1685647675875 59493614046.34963 0
1685647675876 56403174544.96693 0
1685647675876 53784531159.22022 0
1685647675877 51496759541.99524 0
1685647675877 49581719914.382324 0
1685647675878 47715391788.5614 0
1685647675878 45952985972.219795 0
1685647675879 44632214913.70321 0
1685647675879 43082529474.69409 0
1685647675880 41927397695.02186 0
1685647675880 40800027691.13484 0
1685647675881 39914349739.510216 0
1685647675881 38880523912.341835 0
1685647675882 38008015237.305534 0
1685647675882 37197321166.79739 0
1685647675883 36395614105.16927 0
1685647675883 35700685080.467125 0
1685647675884 34972489264.577065 0
1685647675884 34446728598.61018 0
1685647675885 33862763738.73646 0
1685647675885 33267453333.394997 0
1685647675885 32765048747.47782 0
1685647675886 32350059516.383366 0
1685647675886 31990707455.24055 0
1685647675887 31607264027.667446 0
1685647675887 31197611817.879623 0
1685647675888 30903645488.88511 0
1685647675888 30541000815.069435 0
1685647675889 30153763665.707764 0
1685647675889 29965431820.956905 0
1685647675890 29685561400.434563 0
1685647675890 29501411384.10794 0
1685647675891 29238154841.045006 0
1685647675891 29008465308.286808 0
1685647675892 28760250096.703712 0
1685647675892 28530627305.763203 0
1685647675893 28414576433.423676 0
1685647675893 28129698844.408787 0
1685647675894 27952064668.51858 0
1685647675894 27698073890.499283 0
1685647675895 27636089169.558292 0
1685647675895 27474290983.53719 0
1685647675896 27412390028.76899 0
1685647675896 27134568759.124207 0
1685647675897 26994201372.492752 0
1685647675897 26886983755.55872 0
1685647675898 26571050776.318882 0
1685647675898 26510480094.446224 0
1685647675899 26390199931.75097 0
1685647675899 26281751274.426258 0
1685647675900 26135673256.172516 0
1685647675900 26009742941.83853 0
1685647675901 25774770319.10307 0
1685647675901 25681206839.8641 0
1685647675902 25634963621.751484 0
1685647675902 25479517790.36414 0
1685647675902 24911712168.203976 0
1685647675903 24825627844.710995 0
1685647675903 24624754913.0042 0
1685647675904 24606458134.941914 0
1685647675904 24524808288.577328 0
1685647675905 24457495584.658863 0
1685647675905 23988502690.76058 0
1685647675906 23960955640.15888 0
1685647675906 23849620116.705357 0
1685647675907 23767890784.89163 0
1685647675907 23616816898.91696 0
1685647675908 23464110760.951004 0
1685647675908 23405732669.126274 0
1685647675909 23301504487.11716 0
1685647675909 23160572831.42476 0
1685647675910 23092648346.404446 0
1685647675910 23049302730.833412 0
1685647675911 22904278597.549633 0
1685647675911 22721513235.708088 0
1685647675912 22578855940.148422 0
1685647675912 22535015516.385384 0
1685647675913 22400380939.59873 0
1685647675913 22372858866.1882 0
1685647675914 22350657850.984596 0
1685647675914 22290464414.740257 0
1685647675915 22224895207.7402 0
1685647675915 22133197068.904835 0
1685647675916 22038125216.07799 0
1685647675916 21950012915.56117 0
1685647675917 21904620279.666576 0
