1685708042802 197150556180.16873 0
1685708042802 136278839692.9778 0
1685708042803 96644919258.33795 0
1685708042804 70717332998.69928 0
1685708042804 53055735433.37934 0
1685708042805 41174780305.24565 0
1685708042805 32831940174.19498 0
1685708042806 27317343072.250042 0
1685708042806 22484291292.03781 0
1685708042807 19623836630.837772 0
1685708042807 17240866060.483383 0
1685708042808 15655708223.909517 0
1685708042808 14417558355.294643 0
1685708042809 13354793865.37043 0
1685708042810 12442200524.770842 0
1685708042810 11718385989.515675 0
1685708042811 11135492912.331932 0
1685708042811 10324863576.750746 0
1685708042812 10000023541.319372 0
1685708042812 9754592475.116323 0
1685708042813 9300782782.882082 0
1685708042814 9070420906.967691 0
1685708042814 8867447652.013792 0
1685708042815 8547571285.332147 0
1685708042815 8349866384.333671 0
1685708042816 8134765881.178992 0
1685708042816 7856761021.825764 0
1685708042817 7694155713.138842 0
1685708042817 7559534311.352359 0
1685708042818 7408655264.429265 0
1685708042818 7350476726.582931 0
1685708042819 7255074856.50918 0
1685708042820 7004898410.934854 0
1685708042820 6960501478.334834 0
1685708042821 6916273522.854189 0
1685708042821 6780920901.841036 0
1685708042822 6636557608.622157 0
1685708042822 6504587244.902992 0
1685708042823 6376210762.752964 0
1685708042823 6335955517.773273 0
1685708042824 5725428463.166789 0
1685708042825 5636500953.631299 0
1685708042825 5542066146.854468 0
1685708042826 5514971499.039349 0
1685708042826 5403658219.425412 0
1685708042827 5376675227.582049 0
1685708042827 5313466888.384359 0
1685708042828 5199068217.885338 0
1685708042828 5187277387.781484 0
1685708042829 5148214852.013009 0
1685708042829 5087980609.160635 0
1685708042830 4983850971.773855 0
1685708042831 4973350649.079784 0
1685708042831 4969544951.995084 0
1685708042832 4909442128.287064 0
1685708042832 4846138294.391965 0
1685708042833 4818920614.525753 0
1685708042833 4814755887.729477 0
1685708042834 4722437327.271454 0
1685708042834 4666996418.870763 0
1685708042835 4655335227.664147 0
1685708042835 4652654094.472601 0
1685708042836 4544930870.008195 0
1685708042837 4401026410.372916 0
1685708042837 4367507495.307186 0
1685708042838 4330432437.418235 0
1685708042838 4287447072.871371 0
1685708042839 3960187906.844912 0
1685708042839 3928421317.038459 0
1685708042840 3902612222.4421434 0
1685708042840 3830919173.0472093 0
1685708042841 3795715242.6177564 0
1685708042841 3763423763.643849 0
1685708042842 3724259516.0350184 0
1685708042842 3706084737.760206 0
1685708042843 3649122306.429249 0
1685708042844 3638381516.2470226 0
1685708042844 3603022592.7593436 0
1685708042845 3597405866.179571 0
1685708042845 3545646571.420959 0
1685708042846 3524478017.183043 0
1685708042846 3476468049.3463726 0
1685708042847 3439813407.5607424 0
1685708042847 3389216931.019807 0
1685708042848 3379273672.572362 0
1685708042848 3363852285.749933 0
1685708042849 3328354249.5499887 0
1685708042850 3282167923.930933 0
1685708042850 3256989510.379596 0
1685708042851 3250201222.066277 0
1685708042851 3223984152.7693152 0
1685708042852 3219243504.8414464 0
1685708042852 3200023316.0408645 0
1685708042853 2972837379.898892 0
1685708042853 2949866779.3399086 0
1685708042854 2928067152.788266 0
1685708042854 2920056682.46671 0
1685708042855 2901261560.5816345 0
1685708042855 2880347996.491488 0
1685708042856 2860082547.7521987 0
