1685708020906 205113005202.17245 0
1685708020906 147947873603.21927 0
1685708020907 111315085395.70557 0
1685708020907 86654762351.68086 0
1685708020908 69628719400.47704 0
1685708020908 57949429825.066696 0
1685708020909 49514273377.88199 0
1685708020910 43658139737.21094 0
1685708020910 39491688156.97959 0
1685708020911 36180419457.29377 0
1685708020911 33400245946.98676 0
1685708020912 31281179199.998554 0
1685708020912 29531112279.108692 0
1685708020913 28296336825.435577 0
1685708020913 26879684830.994522 0
1685708020914 26042625654.62416 0
1685708020914 25095804438.68303 0
1685708020915 24432699427.55845 0
1685708020916 23701761704.728107 0
1685708020916 23261025822.394077 0
1685708020917 22570589719.748535 0
1685708020917 22334308100.16064 0
1685708020918 21269259823.919952 0
1685708020918 21012614149.64157 0
1685708020919 19973733169.144623 0
1685708020919 19505144946.616848 0
1685708020920 19304090205.153206 0
1685708020920 19162596877.532173 0
1685708020921 19096079496.754032 0
1685708020921 18263578141.49924 0
1685708020922 18055768146.10225 0
1685708020922 17935513081.805298 0
1685708020923 17721575915.85939 0
1685708020923 17408909287.67925 0
1685708020924 17255067662.351425 0
1685708020925 17213695227.29845 0
1685708020925 17000661355.83449 0
1685708020926 16910754195.498596 0
1685708020926 16784885787.959682 0
1685708020927 16446722786.635769 0
1685708020927 16396987559.514912 0
1685708020928 16137421009.054935 0
1685708020928 15923198874.243402 0
1685708020929 15899062334.509708 0
1685708020929 15571339371.726553 0
1685708020930 15254305834.293776 0
1685708020930 15166500519.80083 0
1685708020931 14935210329.484594 0
1685708020932 14768465102.009941 0
1685708020932 14706800834.895687 0
1685708020933 14653416126.542881 0
1685708020933 14435321704.741692 0
1685708020934 14258062908.759287 0
1685708020934 14066583173.840145 0
1685708020935 13935861882.763508 0
1685708020935 13854370935.88571 0
1685708020936 13833969831.865252 0
1685708020936 13683286519.938795 0
1685708020937 13559389675.044495 0
1685708020937 13414665913.687618 0
1685708020938 13350547191.572523 0
1685708020939 13317635314.08221 0
1685708020939 13135712654.49247 0
1685708020940 13071875586.71901 0
1685708020940 12967680265.906403 0
1685708020941 12955835354.638441 0
1685708020941 12947250538.439058 0
1685708020942 12903993670.943186 0
1685708020942 12714159195.39809 0
1685708020943 12448654527.537064 0
1685708020943 12334532830.537241 0
1685708020944 12305406832.188232 0
1685708020944 12159731269.05334 0
1685708020945 12137163758.638292 0
1685708020945 12084481397.116657 0
1685708020946 11956150552.290089 0
1685708020946 11907427339.688095 0
1685708020947 11846320351.260172 0
1685708020948 11836010438.57012 0
1685708020948 11830683705.199139 0
1685708020949 11734449444.320179 0
1685708020949 11553523355.226809 0
1685708020950 11465609048.786602 0
1685708020950 11450465438.766335 0
1685708020951 11372195957.417778 0
1685708020951 11331381098.21547 0
1685708020952 11214037397.788368 0
1685708020952 11207747796.6302 0
1685708020953 11096019730.243237 0
1685708020953 11085782962.101828 0
1685708020954 11062389233.123808 0
1685708020954 10916548837.699982 0
1685708020955 10864433736.645885 0
1685708020955 10755652126.262577 0
1685708020956 10680023747.132803 0
1685708020957 10617175990.544554 0
1685708020957 10522040023.740107 0
1685708020958 10469102180.48542 0
1685708020958 10384957969.580862 0
1685708020959 10268319231.584154 0
