1685708070196 242682178740.6622 0
1685708070197 204079476339.32272 0
1685708070197 172729327180.7307 0
1685708070198 146823354530.6705 0
1685708070198 125778066477.71129 0
1685708070199 108292450082.88864 0
1685708070199 94232290880.90884 0
1685708070200 82093094925.7192 0
1685708070201 72346997434.21489 0
1685708070201 64095270014.381485 0
1685708070202 57184227926.64601 0
1685708070202 51681138832.0147 0
1685708070203 46698288306.10693 0
1685708070203 42774917155.5987 0
1685708070204 39153692240.68057 0
1685708070205 36324229602.52884 0
1685708070205 33817692336.105984 0
1685708070206 31714310107.33655 0
1685708070206 29684966716.684742 0
1685708070207 28158924850.781105 0
1685708070207 26558165305.830265 0
1685708070208 25359224839.07062 0
1685708070208 24164070073.052235 0
1685708070209 23168722552.245953 0
1685708070209 22262515077.699905 0
1685708070210 21525914018.150227 0
1685708070211 20839657164.811893 0
1685708070211 20095866349.77027 0
1685708070212 19499680521.215717 0
1685708070212 18966565721.24213 0
1685708070213 18476566777.577976 0
1685708070213 18019474632.82346 0
1685708070214 17637511234.63409 0
1685708070214 17247169204.263283 0
1685708070215 16951299114.920597 0
1685708070215 16053174058.461143 0
1685708070216 15712890544.326021 0
1685708070217 15527575274.02305 0
1685708070217 15191544221.388525 0
1685708070218 14996931269.197762 0
1685708070218 14768079359.798227 0
1685708070219 14341636295.752926 0
1685708070219 14216377147.737322 0
1685708070220 14030325154.383059 0
1685708070220 13841227063.520535 0
1685708070221 13647132099.368843 0
1685708070222 13502348522.6194 0
1685708070222 13215614564.597235 0
1685708070223 13145698226.412943 0
1685708070223 12923873531.310452 0
1685708070224 12866098515.026573 0
1685708070224 12677448573.431866 0
1685708070225 12536050695.555084 0
1685708070225 12415535616.258205 0
1685708070226 12371515559.19817 0
1685708070226 12330710340.14911 0
1685708070227 11768129167.693203 0
1685708070228 11632050738.6809 0
1685708070228 11538331193.167772 0
1685708070229 11506635986.743187 0
1685708070229 11063552306.055914 0
1685708070230 11024593428.511717 0
1685708070230 10907277320.210903 0
1685708070231 10787705366.42156 0
1685708070231 10677678866.853765 0
1685708070232 10609653522.733091 0
1685708070233 10586433291.50354 0
1685708070233 10192756913.839642 0
1685708070234 10123868524.942774 0
1685708070234 10092748882.143763 0
1685708070235 10035465024.784584 0
1685708070235 9926056143.958023 0
1685708070236 9849263404.162857 0
1685708070236 9772769414.099768 0
1685708070237 9656643183.472868 0
1685708070237 9643719840.335148 0
1685708070238 9605062035.390589 0
1685708070238 9542651357.714643 0
1685708070239 9459057975.628618 0
1685708070240 9413097194.137524 0
1685708070240 9360101095.20069 0
1685708070241 9289212284.282913 0
1685708070241 9219673358.516188 0
1685708070242 9147853360.025803 0
1685708070242 9072116266.73211 0
1685708070243 8987672846.456837 0
1685708070243 8943743885.686386 0
1685708070244 8907396077.988003 0
1685708070244 8839054358.687475 0
1685708070245 8829787451.810059 0
1685708070246 8773044959.710592 0
1685708070246 8699410321.13699 0
1685708070247 8688602602.311802 0
1685708070247 8635772940.873909 0
1685708070248 8562903629.796508 0
1685708070248 8481860667.816834 0
1685708070249 8429408488.032112 0
1685708070249 8422247047.478051 0
1685708070250 8380025227.025505 0
1685708070250 8349331559.534503 0
