1685708148404 284525641307.75604 0
1685708148405 279733283660.31476 0
1685708148406 275009346261.74744 0
1685708148406 270385674764.8249 0
1685708148407 265852269247.06186 0
1685708148407 261409226006.94644 0
1685708148408 257052522174.43304 0
1685708148409 252774569719.48282 0
1685708148409 248591677688.5538 0
1685708148410 244471034121.66385 0
1685708148410 240408241289.80206 0
1685708148411 236429892949.9556 0
1685708148411 232550544585.47217 0
1685708148412 228699106255.54602 0
1685708148412 224952252819.22647 0
1685708148413 221248929408.76315 0
1685708148414 217615417673.7682 0
1685708148414 214049128023.5388 0
1685708148415 210590527866.07663 0
1685708148415 207166899239.60345 0
1685708148416 203794080654.3304 0
1685708148416 200518519259.47092 0
1685708148417 197273438847.69946 0
1685708148417 194093787845.27094 0
1685708148418 191001531382.96356 0
1685708148419 187934541371.35626 0
1685708148419 184927952441.36014 0
1685708148420 182011312175.51666 0
1685708148420 179116333961.06216 0
1685708148421 176319193291.70886 0
1685708148421 173518312595.64697 0
1685708148422 170787483154.88083 0
1685708148423 168146101961.12823 0
1685708148423 165523304836.4181 0
1685708148424 162972402864.25735 0
1685708148424 160452358477.73013 0
1685708148425 157983502393.89346 0
1685708148425 155570132793.4405 0
1685708148426 153203479106.51273 0
1685708148426 150871071765.0597 0
1685708148427 148573846482.0319 0
1685708148428 146327479544.80872 0
1685708148428 144126509695.6883 0
1685708148429 141959285678.718 0
1685708148429 139847891818.33 0
1685708148430 137768170398.7029 0
1685708148430 135739801591.68333 0
1685708148431 133724123281.5245 0
1685708148432 131790607656.09744 0
1685708148432 129876129463.87477 0
1685708148433 127976631819.11543 0
1685708148433 126151623821.8975 0
1685708148434 124316695631.06201 0
1685708148434 122535226844.07079 0
1685708148435 120768726719.47955 0
1685708148435 119033359613.1603 0
1685708148436 117357654020.6679 0
1685708148437 115719814842.36047 0
1685708148437 114068137255.29034 0
1685708148438 112485033692.40369 0
1685708148438 110894607470.07118 0
1685708148439 109360113349.94969 0
1685708148439 107834298083.60962 0
1685708148440 106317217131.0842 0
1685708148440 104880533417.25337 0
1685708148441 103408021705.77417 0
1685708148442 102007137704.54597 0
1685708148442 100589519954.57883 0
1685708148443 99242934497.3444 0
1685708148443 97875125318.86162 0
1685708148444 96589137479.40738 0
1685708148444 95328992384.86617 0
1685708148445 94047758468.36195 0
1685708148445 92823546125.11563 0
1685708148446 91602311278.9116 0
1685708148447 90434314018.25832 0
1685708148447 89245549702.90822 0
1685708148448 88125262331.97386 0
1685708148448 86955899642.44087 0
1685708148449 85875080253.5313 0
1685708148449 84775175059.24982 0
1685708148450 83713242575.01407 0
1685708148450 82647650323.25208 0
1685708148451 81598490972.86159 0
1685708148452 80593950658.98105 0
1685708148452 79586574538.24748 0
1685708148453 78596354088.17775 0
1685708148453 77634658043.84871 0
1685708148454 76682580658.64894 0
1685708148454 75770106882.81732 0
1685708148455 74854608746.23573 0
1685708148455 73973143395.79735 0
1685708148456 73089848764.67792 0
1685708148456 72219457441.03679 0
1685708148457 71340270042.03549 0
1685708148458 70518691901.8475 0
1685708148458 69709815081.96664 0
1685708148459 68893228553.79134 0
1685708148459 68097680643.75287 0
1685708148460 67315797623.52985 0
