1685649864153 284320408222.862 0
1685649864154 279323645755.30505 0
1685649864154 274426423724.4463 0
1685649864155 269622909432.6219 0
1685649864155 264915361060.81516 0
1685649864156 260279396809.7234 0
1685649864156 255723539870.9518 0
1685649864157 251256233147.9791 0
1685649864157 246875933485.7405 0
1685649864158 242574091387.3134 0
1685649864158 238370407604.8494 0
1685649864159 234224349356.2917 0
1685649864160 230194433211.57712 0
1685649864160 226194994568.65054 0
1685649864161 222314000206.74155 0
1685649864161 218468371409.86743 0
1685649864162 214714388094.89963 0
1685649864162 211061946627.97836 0
1685649864163 207425982442.25323 0
1685649864163 203858364248.64966 0
1685649864164 200372294178.9835 0
1685649864164 196980911527.7141 0
1685649864165 193607828966.80377 0
1685649864165 190312636412.66257 0
1685649864166 187110458559.82416 0
1685649864166 183959037551.48322 0
1685649864167 180850759236.80893 0
1685649864168 177805761310.79584 0
1685649864168 174817185025.32294 0
1685649864169 171903869803.59088 0
1685649864169 169026696375.11707 0
1685649864170 166202250975.45807 0
1685649864170 163397929187.42276 0
1685649864171 160681605095.33887 0
1685649864172 158043176651.78867 0
1685649864172 155446287105.49625 0
1685649864173 152885935561.6394 0
1685649864173 150391681170.84567 0
1685649864174 147934835690.5565 0
1685649864174 145518349333.63116 0
1685649864175 143149902306.507 0
1685649864175 140828553493.21927 0
1685649864176 138551069865.05154 0
1685649864176 136328699671.4795 0
1685649864177 134124026609.75735 0
1685649864177 131908451883.60237 0
1685649864178 129799441050.21805 0
1685649864178 127733185516.27321 0
1685649864179 125633227314.03558 0
1685649864180 123651609460.93752 0
1685649864180 121701227036.41118 0
1685649864181 119721990454.26288 0
1685649864181 117834884549.45284 0
1685649864182 115993356138.74641 0
1685649864182 114118991479.31909 0
1685649864183 112351619013.045 0
1685649864183 110611311981.48508 0
1685649864184 108841532781.14624 0
1685649864184 107173722122.17885 0
1685649864185 105532905754.70996 0
1685649864185 103861883720.75848 0
1685649864186 102279578858.15924 0
1685649864186 100736835415.42844 0
1685649864187 99152748727.61607 0
1685649864187 97662339585.68146 0
1685649864188 96124598687.83517 0
1685649864189 94696138498.4793 0
1685649864189 93219664462.08768 0
1685649864190 91839540097.57199 0
1685649864190 90493242473.44191 0
1685649864191 89096042644.25148 0
1685649864191 87785433806.94359 0
1685649864192 86442774743.40572 0
1685649864192 85184320205.20026 0
1685649864193 83887634342.77788 0
1685649864193 82683299103.003 0
1685649864194 81496147314.26009 0
1685649864194 80269564770.43275 0
1685649864195 79065675123.42123 0
1685649864195 77946948774.20547 0
1685649864196 76844728599.00517 0
1685649864196 75702558415.8388 0
1685649864197 74579733470.07826 0
1685649864198 73517730642.28224 0
1685649864198 72492226219.29675 0
1685649864199 71467137164.90143 0
1685649864199 70462133774.13231 0
1685649864200 69472400048.06708 0
1685649864200 68516358874.476204 0
1685649864201 67563793460.399574 0
1685649864201 66613138227.39193 0
1685649864202 65713528602.911705 0
1685649864202 64792927980.1488 0
1685649864203 63930984796.86006 0
1685649864203 63082126950.77666 0
1685649864204 62211797537.76657 0
1685649864204 61398174056.22938 0
1685649864205 60568361594.60162 0
1685649864205 59783462502.16616 0
1685649864206 59015592817.46213 0
