1685649198459 270278518457.95627 0
1685649198459 252564719718.70032 0
1685649198460 236848104909.405 0
1685649198460 222392505624.73944 0
1685649198461 209130678770.52948 0
1685649198461 196903297198.0451 0
1685649198462 186097588492.3358 0
1685649198462 175245078825.8427 0
1685649198463 166041135672.0878 0
1685649198463 156949297158.59048 0
1685649198464 149156514830.49362 0
1685649198464 141510479598.64548 0
1685649198465 134910553151.64743 0
1685649198465 128997160942.91638 0
1685649198466 123106301037.74101 0
1685649198466 117941246581.20532 0
1685649198467 113079326919.8498 0
1685649198468 108824034457.90097 0
1685649198468 104642154040.22728 0
1685649198469 100854765016.41699 0
1685649198469 97275512515.96117 0
1685649198470 94182052370.48683 0
1685649198470 91209815196.66446 0
1685649198471 88350261643.649 0
1685649198471 85842879703.85071 0
1685649198472 83390571423.13701 0
1685649198472 81302671291.27345 0
1685649198473 79197590388.5812 0
1685649198473 77102191892.08528 0
1685649198474 75282828300.77429 0
1685649198474 73571646929.3713 0
1685649198475 71952410261.2118 0
1685649198475 70560914369.77127 0
1685649198476 69039922421.63026 0
1685649198476 67760591765.86209 0
1685649198477 66381567042.149414 0
1685649198477 65166675005.046646 0
1685649198478 63927716423.45215 0
1685649198478 62769993746.08146 0
1685649198479 61640341005.86927 0
1685649198479 60664041776.39432 0
1685649198480 59723225517.67399 0
1685649198480 58865357618.050934 0
1685649198481 57898784088.68568 0
1685649198481 56935658009.31623 0
1685649198482 56082925525.45147 0
1685649198482 55251828419.05209 0
1685649198483 54461371049.99281 0
1685649198483 53773424621.24083 0
1685649198484 53015742006.632164 0
1685649198484 52310306835.34636 0
1685649198485 51744982527.556496 0
1685649198485 50976298414.97204 0
1685649198486 50464211235.08074 0
1685649198486 49878804698.1705 0
1685649198487 49207639713.980576 0
1685649198487 48704969920.63721 0
1685649198488 48173322674.17025 0
1685649198488 47734425535.1929 0
1685649198489 47168200566.32334 0
1685649198489 46799919162.00622 0
1685649198490 46357415733.43633 0
1685649198490 45937790811.35018 0
1685649198491 45562308169.61177 0
1685649198491 45087943111.15143 0
1685649198492 44677631933.95236 0
1685649198492 44388557891.605095 0
1685649198493 43979098648.157425 0
1685649198493 43629348679.1053 0
1685649198494 43367306159.90502 0
1685649198494 43041681652.9954 0
1685649198495 42657374813.71056 0
1685649198495 42460126114.73088 0
1685649198496 42124119153.784096 0
1685649198496 41948575072.13218 0
1685649198497 41653586920.50816 0
1685649198497 41430681653.98724 0
1685649198498 41081914822.3941 0
1685649198498 40768355646.79185 0
1685649198499 40556115289.850624 0
1685649198499 40237252227.29683 0
1685649198500 40006250966.210655 0
1685649198500 39755663369.98771 0
1685649198501 39559613736.43017 0
1685649198501 39322849425.45849 0
1685649198502 39154584062.3549 0
1685649198502 39027007538.204346 0
1685649198503 38877002595.75356 0
1685649198503 38685926048.66044 0
1685649198504 38538363933.67054 0
1685649198504 38441386895.39149 0
1685649198505 38232015234.43906 0
1685649198505 38012233671.62329 0
1685649198505 37897522655.38208 0
1685649198506 37673623142.41948 0
1685649198506 37516889046.11869 0
1685649198507 37317980572.57239 0
1685649198507 37215869336.76101 0
1685649198508 37060917047.54737 0
1685649198508 36960385470.545906 0
