1685649823494 264431021223.41187 0
1685649823494 241844201865.16464 0
1685649823495 221165161973.0138 0
1685649823495 202660422078.07544 0
1685649823496 185950796150.78455 0
1685649823496 170523842309.0889 0
1685649823497 156588136448.26675 0
1685649823497 143912253554.33673 0
1685649823498 132461848224.31213 0
1685649823499 122060511977.92403 0
1685649823499 112628479951.3021 0
1685649823500 104111938245.9853 0
1685649823500 96037029583.78094 0
1685649823501 89019289077.41873 0
1685649823501 82653069572.19658 0
1685649823502 76702033490.06912 0
1685649823502 71459931337.69879 0
1685649823503 66546982350.81281 0
1685649823503 62100252400.74967 0
1685649823504 58083882063.22516 0
1685649823504 54402014707.794785 0
1685649823505 50807989484.74613 0
1685649823505 47712896588.23995 0
1685649823506 44714289764.48932 0
1685649823507 42226083480.00559 0
1685649823507 39681939502.14076 0
1685649823508 37568477063.45968 0
1685649823508 35596329832.61704 0
1685649823509 33561449959.97798 0
1685649823509 31951219762.14161 0
1685649823510 30436763838.596573 0
1685649823511 29029935304.94705 0
1685649823511 27751004514.444096 0
1685649823512 26540384595.90805 0
1685649823512 25279195012.35221 0
1685649823513 24228805214.89949 0
1685649823514 23309268958.26109 0
1685649823514 22456405622.486362 0
1685649823515 21663177527.400017 0
1685649823515 20905490353.609657 0
1685649823516 20206236034.410202 0
1685649823517 19537012078.09891 0
1685649823517 18968700493.720028 0
1685649823518 18437948474.349834 0
1685649823518 17823407469.422085 0
1685649823519 17364053671.530407 0
1685649823519 16861403332.182028 0
1685649823520 16444917999.912333 0
1685649823521 16007463933.549973 0
1685649823521 15555389675.138168 0
1685649823522 15198098441.68302 0
1685649823522 14845807020.70503 0
1685649823523 14540649452.400537 0
1685649823523 14215802562.377398 0
1685649823524 13946788190.52083 0
1685649823524 13699254692.190378 0
1685649823525 13405258279.34614 0
1685649823526 13173452432.78878 0
1685649823526 12932140842.195562 0
1685649823527 12673894057.073822 0
1685649823527 12439616518.697079 0
1685649823528 12235973517.917608 0
1685649823528 12007440025.051092 0
1685649823529 11795089052.684612 0
1685649823529 11643341447.739923 0
1685649823530 11458159779.742353 0
1685649823531 11272768865.553787 0
1685649823531 11130389749.003963 0
1685649823532 10974882721.679668 0
1685649823532 10703810036.618532 0
1685649823533 10583823900.341784 0
1685649823533 10441616132.856598 0
1685649823534 10334660213.569456 0
1685649823534 10239013095.45538 0
1685649823535 10132551745.035318 0
1685649823535 9910059928.398977 0
1685649823536 9830471049.667803 0
1685649823536 9736287103.66962 0
1685649823537 9637249077.112038 0
1685649823537 9433005390.30819 0
1685649823538 9369107774.10441 0
1685649823538 9246698961.78631 0
1685649823539 9177404990.2444 0
1685649823539 9053429442.181154 0
1685649823540 8981650162.967463 0
1685649823540 8933191348.043007 0
1685649823541 8835486957.74547 0
1685649823541 8783220391.389364 0
1685649823542 8723949542.242779 0
1685649823542 8657019449.851038 0
1685649823543 8600600156.038723 0
1685649823543 8536641064.286771 0
1685649823544 8482198371.999932 0
1685649823544 8416927424.19522 0
1685649823545 8355988387.597633 0
1685649823546 8296713848.2088995 0
1685649823546 8224679780.947951 0
1685649823547 8178330804.876531 0
1685649823547 8116053533.713049 0
1685649823548 8070410869.126679 0
