1685710545904 284760554710.4673 0
1685710545905 280177402678.0138 0
1685710545906 275676879167.098 0
1685710545906 271262211446.31354 0
1685710545907 266943701175.46338 0
1685710545907 262694472022.10327 0
1685710545908 258531506211.23624 0
1685710545908 254393841982.74728 0
1685710545909 250338273737.3807 0
1685710545910 246363267191.3153 0
1685710545910 242465297625.35477 0
1685710545911 238686156739.86322 0
1685710545911 234936790649.94592 0
1685710545912 231270232880.46146 0
1685710545913 227704501670.388 0
1685710545913 224146797676.16898 0
1685710545914 220652739854.68045 0
1685710545914 217261052094.9344 0
1685710545915 213938237605.42377 0
1685710545916 210675298268.61993 0
1685710545916 207478317891.08472 0
1685710545917 204346127088.98215 0
1685710545917 201280387401.359 0
1685710545918 198273452438.21872 0
1685710545918 195310803186.1901 0
1685710545919 192419610426.18063 0
1685710545920 189574347305.0673 0
1685710545920 186763970633.33417 0
1685710545921 183992965536.4986 0
1685710545921 181305509600.83246 0
1685710545922 178657947277.54282 0
1685710545922 176053156904.12708 0
1685710545923 173546646436.59305 0
1685710545924 171072360491.71484 0
1685710545924 168627487100.1642 0
1685710545925 166231716584.5597 0
1685710545925 163870606083.00726 0
1685710545926 161539315513.7414 0
1685710545927 159301057732.01907 0
1685710545927 157078257126.94785 0
1685710545928 154886213685.35834 0
1685710545928 152718262098.651 0
1685710545929 150619499326.05725 0
1685710545929 148578329082.36084 0
1685710545930 146501042440.1716 0
1685710545931 144522807582.51886 0
1685710545931 142541764982.46915 0
1685710545932 140600550077.59668 0
1685710545932 138745872096.30258 0
1685710545933 136926915386.09953 0
1685710545933 135072113639.50308 0
1685710545934 133296072472.58727 0
1685710545935 131556332444.3831 0
1685710545935 129858365520.28023 0
1685710545936 128139278692.02756 0
1685710545936 126507725019.95743 0
1685710545937 124884542478.24873 0
1685710545938 123279132506.65013 0
1685710545938 121730454957.92973 0
1685710545939 120189976271.28471 0
1685710545939 118642419463.10136 0
1685710545940 117167811933.86963 0
1685710545940 115694987282.11383 0
1685710545941 114261224723.67696 0
1685710545942 112873001005.19058 0
1685710545942 111467840864.52713 0
1685710545943 110100340142.71066 0
1685710545943 108754658348.91151 0
1685710545944 107447896334.48409 0
1685710545944 106145512035.79944 0
1685710545945 104885237378.62091 0
1685710545946 103647857392.22977 0
1685710545946 102408039957.86536 0
1685710545947 101207071015.65256 0
1685710545947 100050882864.92598 0
1685710545948 98903313053.39658 0
1685710545948 97754100674.80931 0
1685710545949 96621723955.86116 0
1685710545950 95518335048.00462 0
1685710545950 94428130306.11278 0
1685710545951 93376369020.87584 0
1685710545951 92314333636.24576 0
1685710545952 91290727877.22566 0
1685710545952 90291882351.30508 0
1685710545953 89291285095.03162 0
1685710545954 88324046651.26569 0
1685710545954 87368122802.75945 0
1685710545955 86396683108.18655 0
1685710545955 85479760705.20143 0
1685710545956 84548764251.80757 0
1685710545957 83665106477.60709 0
1685710545957 82768977045.0484 0
1685710545958 81899246385.32487 0
1685710545958 81032516939.85017 0
1685710545959 80195597127.55292 0
1685710545959 79367997263.54428 0
1685710545960 78559648737.21645 0
1685710545961 77755766495.84018 0
1685710545961 76978209789.25014 0
1685710545962 76216555546.45985 0
