1685710567973 284320408222.862 0
1685710567973 279323645755.30505 0
1685710567974 274426423724.4463 0
1685710567975 269622909432.6219 0
1685710567975 264915361060.81516 0
1685710567976 260279396809.7234 0
1685710567976 255723539870.9518 0
1685710567977 251256233147.9791 0
1685710567978 246875933485.7405 0
1685710567978 242574091387.31342 0
1685710567979 238370407604.8494 0
1685710567979 234224349356.2917 0
1685710567980 230194433211.57712 0
1685710567980 226194994568.65054 0
1685710567981 222314000206.74155 0
1685710567982 218468371409.86743 0
1685710567982 214714388094.89963 0
1685710567983 211061946627.97836 0
1685710567983 207425982442.25323 0
1685710567984 203858364248.64966 0
1685710567985 200372294178.9835 0
1685710567985 196980911527.7141 0
1685710567986 193607828966.80377 0
1685710567986 190312636412.66257 0
1685710567987 187110458559.82416 0
1685710567987 183959037551.48322 0
1685710567988 180850759236.80893 0
1685710567989 177805761310.7958 0
1685710567989 174817185025.32285 0
1685710567990 171903869803.59088 0
1685710567990 169026696375.11707 0
1685710567991 166202250975.45807 0
1685710567992 163397929187.42276 0
1685710567992 160681605095.33887 0
1685710567993 158043176651.78867 0
1685710567993 155446287105.49622 0
1685710567994 152885935561.6394 0
1685710567994 150391681170.84567 0
1685710567995 147934835690.5565 0
1685710567996 145518349333.63116 0
1685710567996 143149902306.507 0
1685710567997 140828553493.21924 0
1685710567997 138551069865.05154 0
1685710567998 136328699671.4795 0
1685710567999 134124026609.75734 0
1685710567999 131908451883.60237 0
1685710568000 129799441050.21805 0
1685710568000 127733185516.27321 0
1685710568001 125633227314.03557 0
1685710568001 123651609460.93752 0
1685710568002 121701227036.41116 0
1685710568003 119721990454.2629 0
1685710568003 117834884549.45284 0
1685710568004 115993356138.74641 0
1685710568004 114118991479.31909 0
1685710568005 112351619013.045 0
1685710568006 110611311981.48508 0
1685710568006 108841532781.14624 0
1685710568007 107173722122.17885 0
1685710568007 105532905754.70996 0
1685710568008 103861883720.75848 0
1685710568008 102279578858.15923 0
1685710568009 100736835415.42844 0
1685710568010 99152748727.61607 0
1685710568010 97662339585.68146 0
1685710568011 96124598687.83517 0
1685710568011 94696138498.47928 0
1685710568012 93219664462.08768 0
1685710568013 91839540097.57198 0
1685710568013 90493242473.44191 0
1685710568014 89096042644.25148 0
1685710568014 87785433806.94359 0
1685710568015 86442774743.40572 0
1685710568015 85184320205.20026 0
1685710568016 83887634342.77788 0
1685710568017 82683299103.003 0
1685710568017 81496147314.26009 0
1685710568018 80269564770.43275 0
1685710568018 79065675123.42123 0
1685710568019 77946948774.20547 0
1685710568020 76844728599.00517 0
1685710568020 75702558415.8388 0
1685710568021 74579733470.07826 0
1685710568021 73517730642.28224 0
1685710568022 72492226219.29674 0
1685710568022 71467137164.90143 0
1685710568023 70462133774.13231 0
1685710568024 69472400048.06708 0
1685710568024 68516358874.476204 0
1685710568025 67563793460.399574 0
1685710568025 66613138227.39192 0
1685710568026 65713528602.91169 0
1685710568027 64792927980.1488 0
1685710568027 63930984796.86006 0
1685710568028 63082126950.77666 0
1685710568028 62211797537.76657 0
1685710568029 61398174056.22938 0
1685710568030 60568361594.60162 0
1685710568031 59783462502.16616 0
1685710568031 59015592817.46213 0
